6 0.674740 0.701746 0.158854 0.379596
3 0.407813 0.852022 0.064583 0.191176
3 0.479948 0.590074 0.047396 0.152574
3 0.315104 0.552849 0.052083 0.103860
3 0.276302 0.445312 0.048438 0.063419
3 0.542708 0.326287 0.034375 0.088235
3 0.729427 0.516544 0.042188 0.145221
6 0.174219 0.288603 0.097396 0.079044
6 0.109896 0.505515 0.070833 0.215074
6 0.853906 0.282629 0.088021 0.223346
7 0.649740 0.183364 0.082812 0.157169
3 0.651823 0.227941 0.021354 0.038603
5 0.276562 0.128217 0.547917 0.186581
5 0.086719 0.443934 0.169271 0.408088
5 0.948177 0.268382 0.103646 0.437500
5 0.926823 0.107537 0.146354 0.213235
5 0.669271 0.144761 0.227083 0.287684
3 0.399219 0.347426 0.035937 0.051471
9 0.372656 0.369026 0.025521 0.072610
4 0.402604 0.391085 0.022917 0.043199
4 0.760938 0.522518 0.029167 0.107537
3 0.760417 0.363511 0.037500 0.144301
3 0.687760 0.310202 0.021354 0.045037
4 0.679167 0.345129 0.019792 0.032169
9 0.798177 0.257812 0.032813 0.083640
6 0.460677 0.252298 0.075521 0.147978
1 0.291667 0.666360 0.115625 0.095588
1 0.047396 0.841912 0.077083 0.069853
1 0.052083 0.694853 0.086458 0.049632
1 0.139323 0.688879 0.091146 0.079963
1 0.051042 0.767923 0.094792 0.061581
1 0.127083 0.605239 0.051042 0.072610
1 0.155469 0.626838 0.080729 0.066176
1 0.208073 0.550551 0.058854 0.047794
0 0.229167 0.603860 0.121875 0.095588
1 0.456771 0.536765 0.070833 0.097426
1 0.585417 0.417739 0.060417 0.068934
1 0.597135 0.380974 0.057813 0.054228
1 0.433854 0.394301 0.040625 0.064338
1 0.453385 0.367647 0.048438 0.045956
1 0.466667 0.339154 0.047917 0.045956
8 0.369271 0.358915 0.044792 0.050551
1 0.393229 0.323070 0.043750 0.039522
1 0.394010 0.342371 0.031771 0.039522
1 0.312500 0.346507 0.031250 0.034926
1 0.339323 0.333640 0.025521 0.031250
1 0.277604 0.334559 0.021875 0.033088
1 0.300000 0.319853 0.030208 0.033088
1 0.314323 0.308824 0.021354 0.027574
1 0.253385 0.309283 0.023438 0.026654
1 0.223438 0.303309 0.021875 0.029412
1 0.207292 0.312960 0.017708 0.019301
1 0.937760 0.528493 0.077604 0.108456
1 0.891406 0.250000 0.024479 0.047794
1 0.929167 0.184283 0.022917 0.034007
2 0.684896 0.364430 0.022917 0.041360
2 0.698958 0.355239 0.019792 0.039522
1 0.730990 0.355699 0.043229 0.051471
1 0.756510 0.377298 0.042188 0.056066
1 0.766667 0.327206 0.035417 0.042279
1 0.791927 0.340074 0.040104 0.051471
1 0.803125 0.301471 0.030208 0.047794
1 0.821875 0.306985 0.021875 0.047794
1 0.819792 0.277574 0.015625 0.029412
