6 0.674479 0.713235 0.166667 0.391544
0 0.189844 0.718290 0.142187 0.170037
1 0.355990 0.599265 0.092188 0.128676
3 0.471094 0.599724 0.046354 0.151654
3 0.406510 0.851103 0.066146 0.189338
3 0.112760 0.505055 0.082812 0.234375
5 0.278646 0.119026 0.556250 0.190257
5 0.085938 0.437500 0.170833 0.376838
6 0.458333 0.253676 0.067708 0.145221
6 0.852083 0.304688 0.090625 0.232537
5 0.960417 0.281250 0.079167 0.470588
5 0.925781 0.104320 0.148438 0.192096
1 0.459896 0.457721 0.062500 0.088235
1 0.056510 0.701287 0.091146 0.069853
1 0.051302 0.766085 0.085938 0.072610
1 0.133594 0.601562 0.045312 0.067096
1 0.165625 0.626838 0.080208 0.071691
1 0.124740 0.689798 0.078646 0.065257
1 0.205729 0.554688 0.056250 0.034007
0 0.238281 0.607537 0.115104 0.110294
5 0.646875 0.132353 0.168750 0.253676
7 0.648177 0.176471 0.075521 0.141544
6 0.173698 0.276195 0.085938 0.076287
3 0.273958 0.444393 0.044792 0.056066
3 0.314583 0.545496 0.033333 0.109375
3 0.398438 0.349265 0.033333 0.038603
3 0.725260 0.518842 0.053646 0.151654
9 0.764323 0.533088 0.042188 0.101103
1 0.485156 0.398897 0.049479 0.068015
3 0.542448 0.321691 0.039062 0.093750
3 0.680208 0.306066 0.042708 0.062500
3 0.769010 0.357996 0.032813 0.168199
3 0.656510 0.230699 0.028646 0.044118
4 0.406510 0.392463 0.018229 0.040441
1 0.356510 0.360754 0.035937 0.046875
1 0.432292 0.356158 0.045833 0.054228
1 0.444531 0.336397 0.048438 0.038603
1 0.386198 0.347426 0.025521 0.036765
1 0.348958 0.330423 0.060417 0.043199
8 0.295312 0.334099 0.031250 0.043199
1 0.239063 0.321232 0.020833 0.030331
1 0.246615 0.305147 0.022396 0.027574
1 0.310937 0.309743 0.028125 0.031250
1 0.263802 0.331801 0.022396 0.029412
1 0.280208 0.315717 0.025000 0.032169
1 0.215104 0.304228 0.019792 0.025735
1 0.192188 0.297335 0.014583 0.017463
1 0.179948 0.303309 0.014063 0.018382
2 0.273958 0.507353 0.036458 0.038603
1 0.638021 0.404412 0.062500 0.086397
1 0.951302 0.541820 0.074479 0.081801
2 0.687500 0.365809 0.019792 0.042279
2 0.702344 0.357996 0.016146 0.034007
4 0.680469 0.348346 0.017188 0.022059
1 0.730469 0.352941 0.042188 0.049632
1 0.756771 0.373162 0.039583 0.053309
1 0.764583 0.321691 0.036458 0.038603
1 0.794792 0.339614 0.039583 0.046875
1 0.802604 0.297335 0.029167 0.039522
1 0.903646 0.223346 0.018750 0.042279
1 0.823177 0.314338 0.022396 0.051471
1 0.821875 0.274816 0.015625 0.036765
9 0.802865 0.258732 0.016146 0.059743
