6 0.665104 0.705882 0.145833 0.406250
3 0.312500 0.558364 0.045833 0.105699
3 0.274740 0.439338 0.033854 0.051471
3 0.726042 0.507812 0.035417 0.122243
3 0.765104 0.356618 0.037500 0.158088
3 0.402083 0.350643 0.026042 0.035846
3 0.686979 0.311581 0.027083 0.040441
3 0.542969 0.316176 0.023438 0.084559
4 0.404167 0.388787 0.023958 0.044118
4 0.679948 0.347426 0.015104 0.022059
9 0.764844 0.528033 0.028646 0.102022
9 0.370312 0.371324 0.031250 0.075368
3 0.652865 0.224265 0.035937 0.055147
7 0.648958 0.189798 0.093750 0.162684
6 0.111458 0.498162 0.077083 0.215074
6 0.164583 0.285386 0.088542 0.067096
3 0.481771 0.602022 0.052083 0.158088
3 0.413021 0.845588 0.056250 0.178309
6 0.460417 0.262408 0.075000 0.153493
6 0.850521 0.290901 0.075000 0.223346
5 0.280990 0.137868 0.550521 0.200368
5 0.946094 0.270680 0.107813 0.471507
5 0.081510 0.442555 0.161979 0.374081
5 0.924740 0.115349 0.150521 0.227022
5 0.653646 0.141085 0.189583 0.278493
1 0.111458 0.799632 0.097917 0.112132
1 0.359896 0.616268 0.093750 0.111213
1 0.477604 0.496324 0.064583 0.090074
1 0.051823 0.690717 0.078646 0.068934
1 0.140885 0.691636 0.090104 0.068934
1 0.045052 0.756893 0.084896 0.078125
1 0.130729 0.609375 0.041667 0.044118
1 0.164062 0.630515 0.066667 0.068015
1 0.205208 0.546875 0.059375 0.058824
0 0.234375 0.599265 0.102083 0.106618
2 0.275000 0.506434 0.037500 0.047794
1 0.540104 0.403493 0.062500 0.073529
1 0.874479 0.497243 0.075000 0.099265
9 0.801042 0.262868 0.031250 0.068015
1 0.425781 0.388327 0.035937 0.056066
1 0.436719 0.358456 0.045312 0.036765
1 0.560937 0.370404 0.052083 0.049632
1 0.444010 0.334099 0.039062 0.037684
8 0.353125 0.353401 0.041667 0.050551
1 0.376563 0.323989 0.036458 0.043199
1 0.383594 0.345129 0.030729 0.032169
1 0.302865 0.338235 0.027604 0.036765
1 0.289583 0.318474 0.027083 0.030331
1 0.327865 0.331342 0.026562 0.028493
1 0.298958 0.301471 0.022917 0.020221
1 0.271354 0.329963 0.027083 0.031250
1 0.244010 0.309283 0.022396 0.028493
1 0.225260 0.319393 0.022396 0.022978
1 0.240104 0.293199 0.019792 0.027574
1 0.215365 0.303309 0.016146 0.020221
1 0.201823 0.311121 0.018229 0.021140
2 0.688542 0.363051 0.020833 0.047794
2 0.702604 0.359835 0.019792 0.043199
1 0.756510 0.374081 0.039062 0.053309
1 0.730729 0.355239 0.048958 0.056066
1 0.762500 0.324908 0.036458 0.046875
1 0.794531 0.339154 0.034896 0.049632
1 0.799479 0.298254 0.034375 0.043199
1 0.821094 0.309283 0.021354 0.043199
1 0.891927 0.242188 0.021354 0.039522
1 0.934896 0.181985 0.018750 0.031250
