6 0.669531 0.700827 0.151562 0.383272
3 0.475260 0.594210 0.050521 0.168199
3 0.397135 0.850184 0.080729 0.169118
3 0.314583 0.553768 0.045833 0.103860
3 0.271094 0.443015 0.041146 0.058824
6 0.109375 0.505055 0.068750 0.197610
5 0.280729 0.104779 0.556250 0.176471
5 0.651823 0.153493 0.167187 0.297794
6 0.855990 0.292739 0.091146 0.199449
6 0.458594 0.255055 0.074479 0.131434
6 0.167448 0.274816 0.081771 0.095588
5 0.913802 0.249540 0.172396 0.480699
5 0.090365 0.426011 0.176563 0.348346
7 0.653125 0.187040 0.093750 0.179228
3 0.716667 0.510110 0.053125 0.117647
3 0.399219 0.350184 0.027604 0.036765
9 0.372396 0.366268 0.020833 0.065257
4 0.406771 0.389706 0.022917 0.040441
3 0.542188 0.324908 0.039583 0.089154
3 0.649479 0.216912 0.025000 0.040441
3 0.764062 0.369485 0.027083 0.147059
9 0.802344 0.248162 0.025521 0.079044
9 0.762760 0.521140 0.028646 0.080882
3 0.686458 0.309743 0.026042 0.044118
4 0.681510 0.343750 0.013021 0.023897
1 0.055990 0.678768 0.082812 0.096507
1 0.044531 0.763327 0.084896 0.067096
1 0.157812 0.616268 0.087500 0.089154
1 0.135677 0.691176 0.079687 0.068015
1 0.208594 0.556985 0.053646 0.044118
0 0.234635 0.593750 0.110937 0.130515
0 0.198698 0.744485 0.193229 0.130515
1 0.390625 0.559283 0.082292 0.135110
2 0.552604 0.597426 0.110417 0.119485
1 0.861458 0.740349 0.217708 0.293199
1 0.752344 0.586397 0.066146 0.119485
8 0.733073 0.632353 0.038021 0.082721
0 0.946615 0.573529 0.106771 0.187500
2 0.283073 0.501379 0.041146 0.059743
1 0.424479 0.363511 0.086458 0.083640
1 0.359375 0.343290 0.066667 0.076287
1 0.308073 0.318934 0.022396 0.042279
2 0.346094 0.313419 0.042188 0.025735
0 0.286719 0.320312 0.043229 0.052390
1 0.230208 0.316636 0.079167 0.057904
2 0.610938 0.278033 0.034375 0.043199
2 0.692708 0.357077 0.033333 0.057904
2 0.747656 0.396599 0.040104 0.061581
1 0.743229 0.357077 0.061458 0.061581
1 0.789844 0.330882 0.082812 0.077206
1 0.820312 0.276195 0.027083 0.035846
1 0.892969 0.251379 0.036979 0.096507
1 0.911198 0.210018 0.041146 0.054228
