6 0.676302 0.704044 0.135937 0.358456
6 0.850260 0.290901 0.082812 0.201287
7 0.646354 0.180147 0.070833 0.159926
6 0.108594 0.507353 0.074479 0.262868
6 0.166927 0.277114 0.078646 0.094669
6 0.463802 0.261029 0.069271 0.134191
3 0.400521 0.840533 0.064583 0.177390
3 0.473958 0.591912 0.056250 0.137868
3 0.273438 0.431985 0.037500 0.068015
3 0.318750 0.556066 0.063542 0.102941
3 0.678906 0.309743 0.032813 0.047794
3 0.649219 0.221048 0.030729 0.054228
3 0.765625 0.362592 0.021875 0.155331
3 0.548698 0.321691 0.035937 0.073529
3 0.402604 0.349265 0.020833 0.034926
9 0.373958 0.367647 0.031250 0.077206
4 0.409375 0.386029 0.018750 0.045956
9 0.765365 0.525276 0.030729 0.122243
3 0.724479 0.526195 0.037500 0.144301
9 0.801562 0.254136 0.031250 0.092831
4 0.680208 0.347886 0.022917 0.037684
5 0.291146 0.127757 0.581250 0.224265
5 0.090104 0.431066 0.175000 0.349265
5 0.918490 0.252298 0.163021 0.493566
1 0.246875 0.744945 0.114583 0.096507
8 0.420833 0.517463 0.067708 0.106618
1 0.279427 0.409467 0.042188 0.057904
1 0.057552 0.695772 0.080729 0.058824
1 0.045573 0.763787 0.086979 0.058824
1 0.152083 0.621324 0.091667 0.062500
1 0.136198 0.687040 0.090104 0.085478
1 0.211198 0.553768 0.060937 0.043199
0 0.235937 0.608456 0.106250 0.117647
2 0.276823 0.506893 0.025521 0.041360
2 0.577344 0.595588 0.042188 0.091912
1 0.939583 0.542279 0.090625 0.108456
1 0.698958 0.460018 0.072917 0.098346
1 0.720052 0.437960 0.081771 0.085478
1 0.454948 0.426011 0.029687 0.070772
1 0.505990 0.390165 0.044271 0.052390
1 0.536719 0.364890 0.049479 0.058824
1 0.417448 0.380055 0.050521 0.050551
1 0.333854 0.351103 0.034375 0.042279
1 0.356771 0.336397 0.032292 0.049632
1 0.405208 0.327206 0.034375 0.034926
1 0.287760 0.341452 0.030729 0.030331
1 0.320312 0.327665 0.034375 0.037684
1 0.256250 0.328125 0.022917 0.029412
1 0.243229 0.304688 0.023958 0.028493
1 0.213542 0.305607 0.020833 0.037684
1 0.209896 0.297335 0.022917 0.035846
1 0.211719 0.301011 0.014063 0.019301
1 0.198958 0.289982 0.012500 0.022978
2 0.688021 0.366268 0.027083 0.043199
2 0.698438 0.358915 0.018750 0.043199
1 0.741667 0.364890 0.061458 0.086397
1 0.779687 0.334099 0.063542 0.052390
1 0.809115 0.305607 0.045312 0.059743
1 0.893750 0.218290 0.021875 0.035846
1 0.820312 0.281250 0.017708 0.025735
1 0.882812 0.268842 0.012500 0.037684
