6 0.679167 0.706801 0.148958 0.371324
6 0.164583 0.273897 0.079167 0.088235
6 0.104948 0.482077 0.110937 0.225184
5 0.646354 0.130974 0.156250 0.250919
5 0.930469 0.244026 0.139063 0.486213
6 0.853125 0.289062 0.088542 0.250919
6 0.463281 0.261949 0.072396 0.139706
5 0.273698 0.096967 0.544271 0.168199
5 0.088021 0.418199 0.175000 0.356618
7 0.651302 0.180607 0.076563 0.151654
3 0.270313 0.438419 0.037500 0.058824
3 0.304167 0.550092 0.069792 0.103860
3 0.481771 0.595588 0.052083 0.137868
3 0.407813 0.854779 0.054167 0.148897
3 0.398958 0.344669 0.027083 0.047794
9 0.374479 0.369485 0.027083 0.066176
4 0.407292 0.393842 0.018750 0.034007
3 0.723698 0.517923 0.043229 0.136949
9 0.761979 0.534007 0.027083 0.106618
3 0.541406 0.317096 0.021354 0.091912
3 0.680469 0.312500 0.027604 0.040441
3 0.768490 0.360294 0.038021 0.141544
9 0.804167 0.257353 0.029167 0.071691
3 0.655469 0.222886 0.027604 0.037684
1 0.054427 0.676011 0.082812 0.068934
1 0.046615 0.757353 0.073438 0.071691
1 0.155990 0.623162 0.092188 0.088235
1 0.147396 0.473346 0.050000 0.066176
1 0.139323 0.680607 0.082812 0.090993
1 0.211719 0.549632 0.065104 0.044118
1 0.254948 0.684743 0.090104 0.102941
0 0.235417 0.603401 0.123958 0.113051
1 0.459115 0.463235 0.059896 0.091912
2 0.573958 0.608915 0.088542 0.138787
1 0.795052 0.697151 0.123438 0.131434
1 0.938542 0.772059 0.122917 0.211397
8 0.720313 0.613971 0.058333 0.113971
8 0.577344 0.387868 0.071354 0.097426
1 0.454948 0.372702 0.105729 0.103860
1 0.361719 0.343290 0.064062 0.087316
1 0.458854 0.290441 0.044792 0.044118
0 0.300260 0.322610 0.056771 0.086397
1 0.223698 0.306066 0.083854 0.069853
1 0.792448 0.488511 0.079687 0.107537
2 0.696354 0.354779 0.036458 0.066176
4 0.681771 0.346967 0.019792 0.030331
1 0.742708 0.363971 0.058333 0.073529
2 0.751302 0.385570 0.028646 0.072610
1 0.779687 0.328125 0.050000 0.069853
1 0.807292 0.303768 0.047917 0.052390
1 0.775521 0.333180 0.057292 0.059743
1 0.892188 0.256893 0.030208 0.057904
1 0.817969 0.275735 0.018229 0.040441
