1 0.114583 0.704044 0.209375 0.189338
1 0.201563 0.552849 0.070833 0.052390
0 0.236979 0.589614 0.152083 0.118566
2 0.300781 0.498162 0.038021 0.071691
0 0.167708 0.437040 0.036458 0.068934
2 0.286719 0.402114 0.103646 0.065257
1 0.466667 0.514706 0.069792 0.123162
1 0.641667 0.426930 0.103125 0.144301
1 0.773958 0.344210 0.142708 0.116728
1 0.854688 0.713235 0.254167 0.321691
2 0.555208 0.604320 0.115625 0.140625
1 0.890885 0.238051 0.070312 0.110294
2 0.957812 0.420956 0.035417 0.079044
0 0.235156 0.609375 0.115104 0.115809
1 0.413802 0.355699 0.129688 0.102941
2 0.529948 0.350643 0.032813 0.046875
0 0.330990 0.336397 0.067187 0.091912
1 0.286458 0.320312 0.062500 0.074449
1 0.232552 0.309283 0.068229 0.068934
6 0.668750 0.704504 0.152083 0.390625
5 0.912240 0.289522 0.175521 0.573529
5 0.682031 0.152574 0.191146 0.294118
5 0.283073 0.107996 0.564063 0.182904
5 0.095833 0.433824 0.186458 0.363971
6 0.109635 0.517463 0.082812 0.213235
6 0.163802 0.277114 0.095312 0.081801
6 0.457292 0.251379 0.084375 0.133272
7 0.649219 0.181985 0.083854 0.156250
6 0.854167 0.281710 0.103125 0.199449
3 0.479167 0.600184 0.059375 0.161765
3 0.415625 0.849724 0.066667 0.186581
3 0.317188 0.564338 0.056250 0.132353
3 0.274219 0.443934 0.038021 0.051471
3 0.401562 0.342831 0.020833 0.040441
9 0.369792 0.368107 0.025000 0.063419
4 0.409635 0.392463 0.025521 0.051471
3 0.545833 0.325368 0.030208 0.080882
3 0.686458 0.313419 0.025000 0.069853
3 0.719792 0.509191 0.046875 0.132353
9 0.757552 0.528493 0.042188 0.099265
3 0.764844 0.356158 0.035937 0.144301
4 0.680469 0.346048 0.025521 0.039522
9 0.802604 0.254596 0.025000 0.051471
