6 0.673958 0.687500 0.140625 0.369485
3 0.308854 0.548254 0.041667 0.114890
6 0.107292 0.494485 0.059375 0.183824
6 0.169792 0.277574 0.082292 0.090074
5 0.276302 0.101103 0.551562 0.174632
5 0.649740 0.139246 0.174479 0.274816
7 0.644792 0.181526 0.096875 0.155331
5 0.088542 0.417739 0.172917 0.374081
5 0.925260 0.260110 0.149479 0.511029
6 0.852865 0.278033 0.093229 0.199449
6 0.462500 0.248621 0.083333 0.146140
3 0.476562 0.604779 0.060417 0.161765
3 0.413021 0.850184 0.054167 0.176471
3 0.275000 0.453125 0.053125 0.088235
3 0.395313 0.352941 0.033333 0.042279
9 0.372135 0.361673 0.027604 0.072610
4 0.404167 0.382812 0.025000 0.032169
3 0.727344 0.494026 0.032813 0.125919
9 0.768229 0.532169 0.027083 0.095588
3 0.543750 0.320312 0.048958 0.107537
3 0.647656 0.219210 0.033854 0.043199
3 0.684635 0.308824 0.027604 0.047794
4 0.680729 0.346967 0.016667 0.030331
3 0.765625 0.373162 0.034375 0.152574
9 0.803906 0.257353 0.020313 0.075368
1 0.057292 0.675551 0.101042 0.091912
1 0.155729 0.613971 0.083333 0.099265
1 0.045833 0.739890 0.083333 0.084559
1 0.136458 0.684283 0.085417 0.083640
0 0.130990 0.805607 0.174479 0.157169
1 0.216667 0.557445 0.058333 0.045037
0 0.242969 0.589614 0.115104 0.140625
1 0.360677 0.588695 0.091146 0.122243
2 0.291667 0.508272 0.020833 0.040441
2 0.549219 0.608456 0.119271 0.117647
0 0.964323 0.578585 0.071354 0.133272
1 0.866406 0.724265 0.238021 0.284926
1 0.757812 0.595588 0.060417 0.084559
8 0.737240 0.631434 0.063021 0.084559
1 0.432292 0.363051 0.085417 0.080882
1 0.367969 0.346507 0.066146 0.069853
2 0.355990 0.317096 0.040104 0.033088
0 0.289062 0.319853 0.040625 0.055147
1 0.318750 0.318934 0.027083 0.036765
1 0.218750 0.311581 0.072917 0.053309
2 0.649479 0.274816 0.027083 0.038603
2 0.691927 0.355699 0.033854 0.049632
2 0.751823 0.389246 0.023438 0.046875
1 0.742448 0.364890 0.066146 0.058824
1 0.790885 0.314338 0.085938 0.084559
1 0.899219 0.236673 0.049479 0.122243
