6 0.675260 0.708180 0.145313 0.353860
6 0.113021 0.482996 0.070833 0.212316
6 0.458594 0.255055 0.074479 0.140625
6 0.854688 0.299173 0.083333 0.214154
5 0.275000 0.119026 0.548958 0.192096
5 0.087760 0.407169 0.174479 0.327206
5 0.643229 0.137408 0.168750 0.256434
5 0.926302 0.255515 0.147396 0.507353
6 0.174219 0.274357 0.073438 0.065257
7 0.644792 0.181985 0.078125 0.156250
3 0.472396 0.583180 0.047917 0.146140
3 0.316406 0.558364 0.049479 0.135110
3 0.277083 0.451287 0.038542 0.062500
3 0.412760 0.853860 0.058854 0.176471
3 0.542708 0.316636 0.031250 0.068934
3 0.650000 0.228401 0.026042 0.039522
3 0.728385 0.509191 0.039062 0.134191
9 0.766146 0.535846 0.035417 0.099265
3 0.399219 0.347886 0.027604 0.052390
9 0.373437 0.363051 0.037500 0.073529
4 0.406771 0.396599 0.020833 0.046875
3 0.683333 0.310202 0.032292 0.045037
4 0.675000 0.345588 0.021875 0.033088
3 0.764844 0.351103 0.042188 0.137868
9 0.800521 0.255974 0.020833 0.067096
1 0.049740 0.695312 0.086979 0.078125
1 0.047917 0.599265 0.057292 0.079044
1 0.046354 0.758732 0.085417 0.081801
1 0.156250 0.622243 0.084375 0.069853
1 0.136198 0.694853 0.085938 0.075368
1 0.214844 0.552849 0.058854 0.045037
0 0.240625 0.591912 0.107292 0.121324
2 0.278646 0.510570 0.033333 0.048713
1 0.464844 0.476562 0.063021 0.109375
2 0.551042 0.588235 0.040625 0.090074
1 0.800781 0.690717 0.093229 0.113051
1 0.931250 0.793199 0.096875 0.125000
2 0.829688 0.806985 0.097917 0.139706
8 0.726042 0.635110 0.027083 0.084559
2 0.630208 0.620864 0.042708 0.061581
1 0.540885 0.387868 0.068229 0.086397
1 0.390885 0.342831 0.110937 0.080882
1 0.430469 0.396599 0.054688 0.068934
1 0.295573 0.322610 0.059896 0.053309
0 0.236979 0.296415 0.028125 0.039522
8 0.259375 0.313879 0.025000 0.035846
1 0.201823 0.302390 0.048438 0.056985
1 0.903906 0.559743 0.119271 0.178309
2 0.693750 0.361213 0.039583 0.051471
1 0.737500 0.359835 0.068750 0.054228
2 0.749740 0.396140 0.032813 0.051471
1 0.777344 0.335018 0.066146 0.056066
1 0.809896 0.307445 0.042708 0.048713
1 0.892188 0.264246 0.027083 0.054228
1 0.821615 0.277114 0.018229 0.035846
