6 0.677865 0.711397 0.139063 0.382353
1 0.395573 0.550551 0.086979 0.102941
0 0.243490 0.674173 0.133854 0.146140
3 0.479427 0.582721 0.046354 0.178309
3 0.401823 0.852941 0.075521 0.196691
1 0.887240 0.509191 0.091146 0.110294
1 0.053906 0.693015 0.083854 0.088235
1 0.046354 0.755974 0.089583 0.074449
1 0.131250 0.605699 0.050000 0.066176
1 0.163021 0.628676 0.075000 0.069853
1 0.142969 0.694393 0.081771 0.078125
6 0.108333 0.502298 0.084375 0.197610
6 0.851042 0.289522 0.088542 0.194853
6 0.174219 0.289062 0.089063 0.079963
6 0.457813 0.246324 0.075000 0.156250
7 0.653646 0.174173 0.077083 0.160846
5 0.656771 0.131434 0.168750 0.257353
5 0.273958 0.109835 0.546875 0.157169
5 0.093750 0.439798 0.186458 0.432904
0 0.236719 0.595129 0.097396 0.100184
5 0.925521 0.102022 0.147917 0.194853
5 0.955990 0.277574 0.088021 0.465074
3 0.316667 0.551930 0.054167 0.127757
1 0.212500 0.556066 0.066667 0.055147
1 0.133594 0.607996 0.041146 0.065257
3 0.686198 0.315257 0.035937 0.051471
3 0.726042 0.518842 0.044792 0.127757
3 0.543490 0.320772 0.032813 0.099265
9 0.763542 0.516544 0.034375 0.090074
3 0.400000 0.352482 0.022917 0.034007
4 0.405469 0.395680 0.025521 0.046875
1 0.339844 0.355239 0.035937 0.050551
3 0.277604 0.451287 0.036458 0.073529
3 0.758854 0.360754 0.032292 0.138787
4 0.679948 0.340993 0.020313 0.038603
1 0.461458 0.439798 0.038542 0.072610
1 0.599740 0.374081 0.052604 0.086397
1 0.477604 0.380515 0.040625 0.066176
1 0.420573 0.330423 0.042188 0.035846
1 0.423177 0.361213 0.044271 0.056985
9 0.373958 0.374540 0.029167 0.067096
1 0.379948 0.344210 0.041146 0.039522
1 0.345573 0.315257 0.031771 0.034926
1 0.327344 0.328585 0.028646 0.028493
8 0.286198 0.333640 0.039062 0.038603
1 0.254427 0.326746 0.022396 0.026654
1 0.253906 0.329504 0.021354 0.022978
1 0.299740 0.307445 0.028646 0.022978
1 0.239323 0.302849 0.018229 0.024816
1 0.207292 0.301011 0.017708 0.022978
1 0.189323 0.295496 0.017188 0.022978
1 0.233333 0.318474 0.017708 0.024816
1 0.256250 0.329504 0.019792 0.024816
1 0.270573 0.315257 0.017188 0.027574
3 0.655208 0.227022 0.020833 0.040441
2 0.687240 0.363511 0.018229 0.045037
2 0.701562 0.356158 0.017708 0.050551
1 0.726042 0.352022 0.046875 0.055147
1 0.754167 0.370864 0.043750 0.052390
1 0.764844 0.324908 0.036979 0.041360
1 0.794792 0.342831 0.034375 0.040441
1 0.801042 0.300551 0.028125 0.038603
1 0.822917 0.312040 0.020833 0.041360
9 0.803906 0.259191 0.017188 0.062500
1 0.910156 0.218750 0.022396 0.034926
