6 0.679688 0.708180 0.122917 0.344669
3 0.472135 0.597426 0.047396 0.139706
3 0.407813 0.865809 0.083333 0.196691
3 0.310937 0.551930 0.052083 0.100184
3 0.278125 0.449449 0.034375 0.058824
6 0.112500 0.505055 0.075000 0.212316
5 0.278385 0.130974 0.552604 0.168199
5 0.093750 0.414522 0.182292 0.316176
5 0.854688 0.290441 0.095833 0.218750
5 0.459115 0.255515 0.069271 0.134191
5 0.923958 0.260110 0.152083 0.514706
5 0.642708 0.140165 0.153125 0.267463
7 0.651042 0.182445 0.086458 0.155331
3 0.685677 0.313879 0.032813 0.050551
3 0.540625 0.318015 0.027083 0.066176
3 0.766667 0.357537 0.036458 0.139706
3 0.653125 0.225184 0.030208 0.051471
3 0.730729 0.516085 0.037500 0.146140
3 0.398698 0.346507 0.022396 0.036765
9 0.375781 0.375000 0.026562 0.069853
4 0.407292 0.391085 0.022917 0.037684
9 0.765625 0.533548 0.044792 0.105699
6 0.166927 0.272518 0.075521 0.090993
4 0.682292 0.349265 0.017708 0.027574
9 0.795573 0.255515 0.032813 0.080882
1 0.175000 0.806526 0.119792 0.103860
1 0.055990 0.694393 0.082812 0.061581
1 0.048958 0.769761 0.081250 0.067096
1 0.127865 0.603401 0.051562 0.063419
1 0.133073 0.703125 0.086979 0.069853
1 0.164583 0.622702 0.058333 0.067096
0 0.234375 0.600643 0.114583 0.109375
1 0.204687 0.549632 0.068750 0.042279
2 0.277344 0.511489 0.032813 0.048713
2 0.687500 0.367188 0.020833 0.039522
2 0.700781 0.360294 0.023438 0.042279
1 0.482812 0.466452 0.068750 0.085478
1 0.853646 0.484375 0.077083 0.088235
1 0.948698 0.588695 0.102604 0.107537
1 0.641406 0.412684 0.075521 0.080882
1 0.332552 0.355239 0.035937 0.050551
1 0.377344 0.427849 0.071354 0.067096
1 0.490885 0.376379 0.052604 0.057904
1 0.244010 0.316176 0.025521 0.038603
1 0.202083 0.302849 0.020833 0.022978
1 0.353646 0.330882 0.032292 0.044118
8 0.446875 0.404871 0.044792 0.072610
1 0.403385 0.327665 0.040104 0.028493
1 0.307552 0.322151 0.034896 0.034007
1 0.275781 0.331342 0.025521 0.026654
1 0.266667 0.308824 0.023958 0.023897
1 0.314323 0.306066 0.019271 0.023897
1 0.221615 0.314338 0.019271 0.027574
1 0.731510 0.350184 0.042188 0.051471
1 0.756510 0.375460 0.038021 0.048713
1 0.765885 0.326287 0.039062 0.031250
1 0.792188 0.340993 0.037500 0.040441
1 0.804688 0.300551 0.032292 0.045956
1 0.822917 0.309283 0.022917 0.045037
1 0.885156 0.261489 0.017188 0.032169
1 0.913021 0.200368 0.018750 0.029412
2 0.928125 0.203125 0.014583 0.031250
