6 0.668750 0.695312 0.144792 0.379596
6 0.105208 0.493107 0.069792 0.188419
6 0.167708 0.270680 0.092708 0.072610
5 0.657813 0.141085 0.181250 0.271140
5 0.915365 0.259191 0.169271 0.509191
6 0.859635 0.286765 0.081771 0.193015
5 0.283073 0.118107 0.561979 0.223346
5 0.083333 0.418199 0.162500 0.316176
7 0.658854 0.186581 0.095833 0.161765
1 0.107031 0.711397 0.193229 0.189338
1 0.152083 0.585018 0.092708 0.114890
1 0.212240 0.547335 0.061979 0.046875
0 0.239583 0.591912 0.129167 0.119485
2 0.305469 0.495404 0.044271 0.055147
2 0.554688 0.597886 0.137500 0.155331
3 0.310417 0.557445 0.050000 0.131434
3 0.261719 0.447151 0.048438 0.057904
3 0.478125 0.588695 0.040625 0.173713
3 0.409635 0.856618 0.068229 0.211397
1 0.864844 0.720129 0.270313 0.320772
8 0.725521 0.619485 0.064583 0.123162
1 0.413542 0.358915 0.116667 0.089154
2 0.483073 0.338235 0.026562 0.036765
3 0.401042 0.341452 0.016667 0.035846
4 0.407813 0.388327 0.018750 0.022978
9 0.375521 0.366728 0.018750 0.056985
0 0.330990 0.334099 0.042188 0.076287
1 0.264062 0.314338 0.093750 0.075368
0 0.210417 0.304228 0.023958 0.038603
2 0.499219 0.413603 0.044271 0.053309
2 0.657813 0.416820 0.090625 0.107537
3 0.722656 0.516085 0.041146 0.127757
3 0.542188 0.329963 0.039583 0.093750
3 0.655469 0.227482 0.016146 0.035846
9 0.763802 0.529412 0.042188 0.091912
3 0.685677 0.316176 0.023438 0.036765
4 0.680729 0.352022 0.013542 0.029412
3 0.767708 0.360754 0.030208 0.151654
9 0.799479 0.265165 0.025000 0.083640
1 0.749479 0.343750 0.176042 0.150735
1 0.906510 0.220588 0.077604 0.115809
2 0.886198 0.319393 0.023438 0.054228
6 0.457292 0.253676 0.073958 0.134191
