6 0.671615 0.704044 0.131771 0.380515
6 0.108594 0.500000 0.071354 0.204044
5 0.275260 0.124081 0.549479 0.198529
5 0.091927 0.426471 0.178646 0.365809
5 0.651823 0.148438 0.183854 0.287684
5 0.918750 0.235754 0.162500 0.465993
6 0.171615 0.279871 0.080729 0.083640
6 0.857812 0.288603 0.077083 0.200368
6 0.464062 0.267923 0.077083 0.127757
7 0.653125 0.187500 0.085417 0.159926
3 0.648958 0.227941 0.027083 0.045956
3 0.476302 0.602941 0.044271 0.158088
3 0.408854 0.859835 0.054167 0.166360
3 0.307292 0.543658 0.059375 0.120404
3 0.271094 0.434283 0.029687 0.041360
3 0.399479 0.346048 0.016667 0.032169
9 0.374740 0.369485 0.020313 0.053309
4 0.405729 0.392004 0.020833 0.043199
3 0.684635 0.311581 0.027604 0.051471
4 0.678125 0.354320 0.022917 0.037684
3 0.728125 0.512868 0.038542 0.137868
9 0.763281 0.533088 0.027604 0.091912
9 0.803125 0.257353 0.023958 0.068015
3 0.540625 0.323989 0.030208 0.122243
1 0.056250 0.685202 0.088542 0.072610
1 0.044531 0.761029 0.072396 0.090074
1 0.149740 0.625000 0.100521 0.071691
1 0.140625 0.693015 0.071875 0.090074
1 0.205729 0.558824 0.060417 0.042279
0 0.237500 0.604779 0.109375 0.134191
1 0.368490 0.598346 0.086979 0.113971
2 0.276562 0.507353 0.037500 0.056985
2 0.544531 0.594210 0.047396 0.089154
1 0.925260 0.798713 0.086979 0.117647
2 0.856510 0.803309 0.057813 0.104779
1 0.803646 0.693474 0.097917 0.118566
8 0.729167 0.628676 0.034375 0.104779
1 0.951302 0.587776 0.097396 0.201287
1 0.682552 0.469210 0.085938 0.087316
1 0.565104 0.404412 0.079167 0.106618
1 0.389844 0.346507 0.042188 0.034926
1 0.412500 0.378217 0.035417 0.048713
1 0.303646 0.338695 0.079167 0.079963
1 0.214583 0.305147 0.060417 0.047794
1 0.575260 0.283088 0.048438 0.040441
3 0.763281 0.359375 0.030729 0.148897
2 0.694010 0.363971 0.035937 0.047794
1 0.744271 0.364890 0.057292 0.069853
1 0.778906 0.336397 0.059896 0.051471
1 0.806250 0.310662 0.047917 0.055147
1 0.887500 0.267463 0.022917 0.056985
1 0.820833 0.268842 0.017708 0.039522
