6 0.677865 0.715533 0.109896 0.383272
6 0.113542 0.487592 0.063542 0.204963
6 0.172135 0.268382 0.076563 0.108456
5 0.647917 0.142923 0.157292 0.276654
5 0.925000 0.257353 0.150000 0.505515
7 0.650781 0.181066 0.076563 0.143382
6 0.459115 0.254136 0.073438 0.135110
6 0.853906 0.292279 0.092188 0.229779
5 0.278906 0.104320 0.545312 0.177390
5 0.079167 0.428309 0.153125 0.391544
3 0.480208 0.596507 0.044792 0.154412
3 0.410677 0.849724 0.046354 0.201287
3 0.316406 0.550092 0.057813 0.124081
3 0.275000 0.437500 0.028125 0.049632
3 0.399479 0.354779 0.025000 0.042279
9 0.373698 0.365349 0.022396 0.057904
4 0.406771 0.389706 0.018750 0.042279
3 0.725000 0.512408 0.033333 0.138787
9 0.761979 0.529871 0.031250 0.100184
3 0.688021 0.315257 0.027083 0.036765
3 0.542188 0.322610 0.031250 0.080882
3 0.654167 0.224265 0.023958 0.049632
3 0.765365 0.358456 0.035937 0.145221
9 0.801042 0.251838 0.023958 0.082721
4 0.681771 0.345588 0.016667 0.033088
1 0.058333 0.677849 0.082292 0.074449
1 0.148958 0.617188 0.090625 0.070772
1 0.043490 0.756893 0.070312 0.092831
1 0.139323 0.694853 0.082812 0.075368
1 0.210417 0.558824 0.057292 0.031250
1 0.126042 0.789062 0.121875 0.109375
1 0.389323 0.569853 0.088021 0.099265
0 0.238021 0.592371 0.110417 0.113051
2 0.278125 0.515625 0.040625 0.044118
1 0.191667 0.375000 0.030208 0.040441
2 0.553125 0.596967 0.113542 0.102022
1 0.864844 0.728401 0.236979 0.311581
8 0.736719 0.630974 0.052604 0.124081
8 0.920833 0.525735 0.094792 0.119485
1 0.734375 0.461397 0.084375 0.102941
1 0.497135 0.425092 0.099479 0.131434
0 0.420052 0.346507 0.075521 0.097426
1 0.342448 0.344669 0.041146 0.073529
1 0.265104 0.318934 0.080208 0.051471
1 0.720833 0.270221 0.038542 0.044118
2 0.696094 0.360754 0.030729 0.059743
2 0.753125 0.397978 0.025000 0.053309
1 0.743750 0.360294 0.055208 0.090074
1 0.783333 0.330882 0.059375 0.079044
1 0.821615 0.300551 0.025521 0.058824
1 0.896354 0.277574 0.035417 0.090074
1 0.931510 0.198529 0.029687 0.053309
