6 0.668750 0.702665 0.146875 0.363051
6 0.106250 0.484375 0.066667 0.216912
6 0.165365 0.279412 0.093229 0.090074
5 0.267448 0.110294 0.531771 0.159926
5 0.662500 0.136489 0.173958 0.267463
5 0.923177 0.270221 0.153646 0.536765
6 0.856510 0.276195 0.092188 0.210478
6 0.454167 0.254596 0.075000 0.154412
7 0.653906 0.181985 0.091146 0.163603
3 0.484375 0.587316 0.053125 0.132353
3 0.414583 0.852482 0.066667 0.179228
3 0.311198 0.545956 0.047396 0.104779
3 0.269010 0.448529 0.046354 0.055147
3 0.397656 0.347886 0.036979 0.045037
3 0.729948 0.518382 0.043229 0.128676
9 0.375000 0.365809 0.025000 0.068015
4 0.403646 0.386029 0.027083 0.042279
3 0.686198 0.311121 0.026562 0.043199
3 0.539062 0.316176 0.025000 0.079044
3 0.771875 0.360294 0.035417 0.130515
9 0.801302 0.253676 0.026562 0.062500
9 0.763542 0.523438 0.047917 0.102022
1 0.051042 0.691176 0.078125 0.064338
1 0.100781 0.517463 0.060937 0.069853
1 0.056250 0.761029 0.096875 0.090074
1 0.147917 0.610754 0.084375 0.100184
1 0.133594 0.689798 0.096354 0.081801
1 0.207292 0.562960 0.053125 0.034007
1 0.372917 0.582721 0.076042 0.112132
0 0.236458 0.604779 0.114583 0.125000
2 0.277344 0.509651 0.042188 0.052390
2 0.570573 0.599724 0.092188 0.120404
1 0.914844 0.791360 0.095312 0.150735
1 0.806510 0.698529 0.095312 0.115809
8 0.723437 0.616268 0.041667 0.102022
1 0.677604 0.444853 0.075000 0.084559
8 0.506250 0.359835 0.061458 0.056066
1 0.461458 0.432445 0.065625 0.096507
1 0.417969 0.363971 0.097396 0.082721
1 0.330469 0.341452 0.059896 0.054228
1 0.393490 0.299632 0.044271 0.056985
0 0.275260 0.312500 0.051562 0.066176
1 0.223177 0.313879 0.057813 0.057904
2 0.696354 0.358915 0.035417 0.057904
3 0.653906 0.223346 0.025521 0.042279
2 0.752865 0.393842 0.032813 0.068934
1 0.739844 0.359835 0.065104 0.067096
1 0.777344 0.328125 0.059896 0.069853
1 0.809635 0.287224 0.054688 0.083640
1 0.888021 0.264706 0.035417 0.064338
