6 0.689844 0.696232 0.186979 0.403493
6 0.111979 0.478860 0.079167 0.231618
6 0.166146 0.261029 0.093750 0.126838
5 0.086979 0.409007 0.166667 0.356618
5 0.278646 0.110754 0.550000 0.186581
1 0.193229 0.431066 0.047917 0.088235
1 0.122917 0.707721 0.217708 0.229779
1 0.202865 0.562500 0.065104 0.045956
0 0.240625 0.596967 0.106250 0.087316
1 0.358333 0.609835 0.096875 0.149816
3 0.278646 0.443015 0.050000 0.068015
3 0.307292 0.549173 0.046875 0.089154
2 0.250781 0.384651 0.077604 0.081801
2 0.552604 0.615809 0.104167 0.125000
1 0.571615 0.461397 0.123438 0.189338
1 0.858594 0.735754 0.246354 0.357537
8 0.734896 0.625000 0.047917 0.097426
1 0.409115 0.361673 0.125521 0.129596
2 0.308854 0.497702 0.045833 0.034007
0 0.336979 0.340533 0.055208 0.072610
1 0.289323 0.327665 0.060937 0.063419
0 0.241667 0.322151 0.033333 0.046875
1 0.703125 0.386949 0.083333 0.106618
1 0.789844 0.328125 0.065104 0.093750
1 0.893750 0.244485 0.044792 0.097426
5 0.654167 0.136029 0.178125 0.270221
5 0.914062 0.265625 0.171875 0.529412
6 0.857812 0.296415 0.083333 0.182904
6 0.467448 0.264706 0.073438 0.143382
3 0.474479 0.592831 0.046875 0.156250
3 0.407813 0.862592 0.091667 0.206801
3 0.394531 0.348346 0.024479 0.045956
4 0.405990 0.393842 0.034896 0.052390
9 0.372917 0.369945 0.022917 0.068934
3 0.718750 0.514246 0.048958 0.135110
9 0.762760 0.523897 0.038021 0.091912
3 0.542969 0.318934 0.038021 0.095588
3 0.684896 0.305607 0.023958 0.046875
3 0.650521 0.221048 0.031250 0.046875
7 0.655990 0.187960 0.088021 0.146140
4 0.679948 0.351562 0.020313 0.028493
9 0.804948 0.259191 0.027604 0.075368
