6 0.657552 0.706342 0.165104 0.377757
3 0.476302 0.607537 0.068229 0.176471
3 0.411979 0.852482 0.058333 0.164522
1 0.348958 0.611673 0.090625 0.118566
1 0.862240 0.500919 0.075521 0.088235
9 0.762500 0.530331 0.033333 0.102941
3 0.721094 0.514246 0.042188 0.151654
5 0.938281 0.286765 0.123438 0.525735
5 0.926042 0.100643 0.147917 0.199449
7 0.645573 0.180607 0.072396 0.136949
3 0.654427 0.225643 0.018229 0.054228
1 0.459115 0.424632 0.042188 0.073529
5 0.076563 0.432904 0.150000 0.404412
5 0.268490 0.129596 0.534896 0.213235
5 0.643750 0.132353 0.170833 0.253676
1 0.046094 0.757812 0.086979 0.076287
1 0.052604 0.692096 0.073958 0.069853
1 0.138281 0.695312 0.082812 0.072610
1 0.132552 0.612592 0.054688 0.056066
1 0.165104 0.630515 0.068750 0.062500
6 0.109896 0.488511 0.081250 0.203125
6 0.173958 0.276195 0.075000 0.061581
1 0.208594 0.558364 0.060937 0.034007
0 0.234375 0.603401 0.101042 0.098346
3 0.313802 0.560662 0.046354 0.117647
2 0.274479 0.504596 0.034375 0.055147
3 0.275000 0.456342 0.043750 0.059743
1 0.510938 0.465074 0.051042 0.080882
1 0.531771 0.388787 0.055208 0.066176
1 0.559375 0.366728 0.045833 0.053309
1 0.688542 0.416360 0.063542 0.075368
6 0.461458 0.258272 0.075000 0.134191
6 0.846354 0.282629 0.094792 0.221507
3 0.401042 0.350184 0.018750 0.033088
4 0.407031 0.391544 0.021354 0.038603
1 0.361458 0.359375 0.036458 0.055147
9 0.371615 0.370404 0.022396 0.058824
1 0.381250 0.345129 0.039583 0.041360
1 0.414844 0.332721 0.032813 0.034926
0 0.420573 0.369026 0.051562 0.070772
1 0.309896 0.344210 0.033333 0.032169
1 0.325781 0.322610 0.030729 0.031250
1 0.293229 0.323529 0.028125 0.033088
1 0.257292 0.310202 0.028125 0.030331
1 0.228125 0.289522 0.017708 0.025735
1 0.227865 0.319853 0.020313 0.027574
1 0.305990 0.305147 0.029687 0.029412
2 0.687760 0.364430 0.018229 0.035846
2 0.702344 0.357537 0.021354 0.042279
3 0.544271 0.328125 0.023958 0.086397
3 0.685937 0.313879 0.023958 0.043199
4 0.681250 0.346507 0.011458 0.022059
3 0.766146 0.353860 0.030208 0.139706
1 0.731771 0.352022 0.041667 0.060662
1 0.756250 0.370404 0.040625 0.056985
1 0.793750 0.343290 0.043750 0.046875
1 0.764323 0.329963 0.034896 0.045956
1 0.803125 0.301471 0.029167 0.040441
1 0.824479 0.308364 0.018750 0.043199
9 0.804167 0.260570 0.021875 0.068934
