6 0.675521 0.706342 0.145833 0.355699
6 0.110156 0.483456 0.082812 0.207721
5 0.277083 0.116728 0.548958 0.191176
5 0.650781 0.143842 0.189062 0.276654
5 0.923177 0.251838 0.153646 0.498162
5 0.088542 0.420956 0.176042 0.321691
3 0.278906 0.445312 0.038021 0.068934
3 0.315625 0.552390 0.057292 0.121324
3 0.482812 0.592371 0.037500 0.142463
3 0.413021 0.854779 0.056250 0.163603
3 0.724740 0.510570 0.032813 0.129596
9 0.767448 0.532629 0.039062 0.098346
3 0.400000 0.346967 0.021875 0.045037
9 0.372917 0.369485 0.032292 0.071691
4 0.405990 0.384651 0.016146 0.043199
3 0.686719 0.309743 0.026562 0.040441
3 0.541667 0.322151 0.029167 0.074449
3 0.654427 0.228401 0.028646 0.048713
7 0.647656 0.180607 0.088021 0.149816
4 0.681771 0.344669 0.020833 0.036765
6 0.464062 0.245404 0.060417 0.139706
6 0.849740 0.299173 0.083854 0.241728
6 0.169010 0.280790 0.091146 0.059743
3 0.760938 0.366728 0.029167 0.143382
9 0.804167 0.263787 0.026042 0.069853
1 0.061198 0.671415 0.097396 0.089154
1 0.046875 0.758272 0.081250 0.069853
1 0.157292 0.625460 0.080208 0.068934
1 0.138802 0.686121 0.076563 0.081801
1 0.170833 0.756434 0.098958 0.106618
1 0.213281 0.553309 0.056771 0.049632
0 0.237760 0.597886 0.107813 0.096507
0 0.332552 0.612132 0.139063 0.139706
2 0.275000 0.513327 0.032292 0.050551
1 0.438281 0.486213 0.060937 0.110294
2 0.552865 0.597426 0.109896 0.101103
1 0.864323 0.731618 0.228646 0.275735
1 0.760417 0.573529 0.066667 0.106618
8 0.735156 0.641544 0.046354 0.108456
0 0.838021 0.507353 0.089583 0.141544
1 0.969010 0.568934 0.061979 0.110294
1 0.444531 0.350643 0.064062 0.087316
1 0.372917 0.346048 0.085417 0.083640
1 0.312500 0.336397 0.068750 0.075368
0 0.266146 0.311581 0.043750 0.062500
1 0.187500 0.303309 0.018750 0.027574
2 0.525260 0.281710 0.028646 0.043199
2 0.694010 0.365809 0.031771 0.051471
2 0.753125 0.401654 0.028125 0.071691
1 0.742969 0.359375 0.060937 0.062500
1 0.779427 0.331801 0.069271 0.068015
1 0.810156 0.297335 0.045312 0.081801
1 0.892188 0.256893 0.028125 0.078125
1 0.905469 0.218290 0.059896 0.050551
