6 0.675000 0.715074 0.132292 0.360294
6 0.169792 0.275276 0.077083 0.085478
6 0.110937 0.502757 0.068750 0.202206
5 0.080469 0.431066 0.159896 0.375000
5 0.278385 0.123162 0.555729 0.196691
5 0.650000 0.150276 0.166667 0.284007
5 0.921094 0.249540 0.157812 0.497243
6 0.854948 0.295037 0.076563 0.216912
6 0.458333 0.251838 0.057292 0.134191
7 0.644531 0.185202 0.081771 0.138787
3 0.274479 0.450827 0.037500 0.067096
3 0.311458 0.552390 0.047917 0.102941
3 0.477865 0.590533 0.051562 0.170037
3 0.404687 0.854779 0.054167 0.174632
3 0.403906 0.352482 0.024479 0.039522
9 0.372917 0.376838 0.026042 0.049632
4 0.405990 0.388327 0.024479 0.037684
4 0.683333 0.351562 0.017708 0.028493
3 0.681250 0.310202 0.030208 0.052390
3 0.720313 0.518842 0.035417 0.142463
9 0.764844 0.534926 0.029687 0.110294
3 0.763542 0.366728 0.044792 0.154412
9 0.798177 0.260570 0.029687 0.070772
3 0.543750 0.330882 0.046875 0.084559
3 0.653385 0.224265 0.026562 0.055147
1 0.054167 0.692096 0.087500 0.069853
1 0.045573 0.755055 0.079687 0.072610
1 0.150260 0.612132 0.079687 0.082721
1 0.136719 0.682445 0.077604 0.087316
1 0.208333 0.552390 0.057292 0.051471
0 0.241667 0.611673 0.115625 0.133272
1 0.430469 0.506893 0.069271 0.114890
1 0.589844 0.422794 0.067187 0.090074
1 0.494792 0.387408 0.069792 0.089154
2 0.279427 0.513787 0.045312 0.047794
8 0.120052 0.328585 0.022396 0.050551
2 0.544010 0.593750 0.042188 0.071691
1 0.800781 0.696691 0.093229 0.115809
8 0.729948 0.640625 0.044271 0.102941
1 0.926562 0.794577 0.095833 0.127757
1 0.904167 0.530331 0.148958 0.187500
1 0.795573 0.531250 0.082812 0.112132
1 0.508594 0.289522 0.041146 0.038603
1 0.370573 0.351562 0.058854 0.076287
1 0.270833 0.314338 0.060417 0.045956
1 0.306771 0.345129 0.035417 0.050551
1 0.202083 0.302849 0.055208 0.054228
2 0.697656 0.367188 0.036979 0.054228
2 0.749479 0.393382 0.025000 0.051471
1 0.743229 0.359375 0.052083 0.071691
1 0.782031 0.337776 0.064062 0.063419
1 0.808333 0.314338 0.042708 0.058824
1 0.886719 0.260570 0.015104 0.061581
1 0.821875 0.278033 0.019792 0.034007
