6 0.670573 0.698989 0.136979 0.350184
5 0.278646 0.126838 0.554167 0.218750
5 0.077604 0.436581 0.154167 0.375000
5 0.663021 0.145680 0.191667 0.285846
5 0.926823 0.244485 0.146354 0.472426
6 0.451042 0.257353 0.073958 0.119485
6 0.113281 0.494026 0.064062 0.190257
6 0.849479 0.294577 0.087500 0.217831
6 0.171615 0.273897 0.064062 0.080882
7 0.654427 0.181066 0.078646 0.139706
3 0.470573 0.593750 0.057813 0.125000
3 0.408594 0.851103 0.041146 0.159926
3 0.314063 0.557445 0.045833 0.116728
3 0.278125 0.438419 0.030208 0.051471
3 0.722656 0.505055 0.032813 0.116728
9 0.767708 0.534467 0.044792 0.102022
3 0.401042 0.346967 0.026042 0.043199
9 0.370052 0.369026 0.030729 0.050551
4 0.405729 0.391085 0.020833 0.037684
3 0.544271 0.319853 0.031250 0.090074
3 0.651823 0.220588 0.028646 0.042279
3 0.689844 0.308824 0.024479 0.045956
4 0.681250 0.350643 0.015625 0.050551
3 0.767969 0.356158 0.034896 0.142463
9 0.802344 0.256434 0.025521 0.066176
1 0.054167 0.692555 0.069792 0.067096
1 0.047135 0.758272 0.077604 0.055147
1 0.151042 0.621783 0.094792 0.070772
1 0.141406 0.693474 0.079687 0.057904
1 0.206250 0.552849 0.063542 0.035846
8 0.191406 0.397059 0.045312 0.047794
1 0.139063 0.327665 0.025000 0.039522
0 0.241146 0.603860 0.104167 0.110294
1 0.406510 0.562040 0.075521 0.092831
1 0.449219 0.471967 0.064062 0.067096
1 0.521094 0.386949 0.042188 0.066176
2 0.274219 0.513787 0.039062 0.040441
2 0.550781 0.586857 0.043229 0.081801
1 0.804167 0.699908 0.107292 0.133272
8 0.728906 0.626838 0.038021 0.082721
1 0.783594 0.492188 0.074479 0.085478
1 0.940625 0.538603 0.067708 0.119485
1 0.725000 0.427390 0.066667 0.095588
1 0.438802 0.386029 0.038021 0.056985
1 0.501302 0.351562 0.047396 0.048713
1 0.386719 0.341452 0.038021 0.048713
1 0.314323 0.302849 0.036979 0.030331
1 0.337240 0.336857 0.057813 0.061581
1 0.275521 0.319853 0.031250 0.042279
1 0.227344 0.310202 0.028646 0.034007
2 0.695312 0.360754 0.030208 0.052390
2 0.752083 0.395221 0.021875 0.047794
1 0.740104 0.360754 0.066667 0.063419
1 0.779948 0.341452 0.060937 0.054228
1 0.809635 0.309283 0.039062 0.050551
1 0.821615 0.278952 0.019271 0.030331
1 0.882552 0.263327 0.011979 0.039522
