6 0.673958 0.711397 0.128125 0.352941
3 0.482552 0.588235 0.055729 0.152574
3 0.400521 0.860294 0.077083 0.187500
3 0.313021 0.551930 0.054167 0.114890
3 0.270833 0.445312 0.029167 0.048713
6 0.108854 0.505055 0.083333 0.212316
3 0.728125 0.482996 0.031250 0.065257
9 0.765104 0.528952 0.041667 0.092831
4 0.402604 0.387868 0.020833 0.022059
9 0.371094 0.364890 0.029687 0.058824
3 0.401823 0.342831 0.020313 0.036765
6 0.853906 0.297335 0.091146 0.210478
7 0.652344 0.196691 0.113021 0.207721
3 0.651042 0.226562 0.028125 0.050551
5 0.281250 0.119026 0.557292 0.175551
5 0.079427 0.441176 0.154688 0.378676
5 0.923958 0.275276 0.152083 0.539522
5 0.661458 0.159467 0.193750 0.307904
3 0.542188 0.321691 0.031250 0.093750
3 0.765365 0.358915 0.031771 0.138787
6 0.167448 0.278493 0.081771 0.058824
6 0.455990 0.257812 0.070312 0.136949
3 0.685417 0.316176 0.026042 0.034926
4 0.682292 0.347426 0.015625 0.031250
9 0.797917 0.256434 0.026042 0.066176
1 0.253906 0.738971 0.133854 0.099265
1 0.049219 0.687960 0.077604 0.070772
1 0.050000 0.761029 0.090625 0.068015
1 0.128646 0.608456 0.033333 0.051471
1 0.136458 0.692096 0.096875 0.055147
1 0.164583 0.631893 0.070833 0.063419
1 0.207552 0.553768 0.051562 0.030331
0 0.239323 0.602022 0.104688 0.088235
1 0.867708 0.538603 0.086458 0.093750
1 0.795312 0.460018 0.070833 0.090993
1 0.494531 0.441176 0.044271 0.056985
1 0.600260 0.392463 0.074479 0.073529
1 0.401562 0.426930 0.064583 0.070772
2 0.272135 0.516085 0.040104 0.057904
2 0.800521 0.752298 0.066667 0.111213
8 0.435677 0.389246 0.042188 0.052390
1 0.464844 0.364890 0.045312 0.045956
1 0.486719 0.347426 0.046354 0.045956
1 0.320573 0.341912 0.029687 0.036765
1 0.340625 0.328585 0.036458 0.045037
1 0.375521 0.369026 0.041667 0.034007
1 0.383073 0.323989 0.032813 0.022978
1 0.384635 0.348346 0.032813 0.031250
1 0.322135 0.350643 0.032813 0.046875
1 0.238021 0.321691 0.020833 0.029412
1 0.197396 0.296875 0.022917 0.023897
1 0.300260 0.324908 0.023438 0.032169
1 0.268750 0.329504 0.025000 0.022978
1 0.297917 0.304688 0.022917 0.024816
1 0.257292 0.309283 0.020833 0.026654
1 0.238542 0.294577 0.023958 0.028493
1 0.731510 0.355699 0.040104 0.053309
1 0.757812 0.367647 0.039583 0.060662
2 0.687240 0.369485 0.022396 0.049632
2 0.702083 0.362132 0.022917 0.045956
1 0.762240 0.321691 0.036979 0.042279
1 0.792448 0.340074 0.031771 0.042279
1 0.801302 0.303768 0.029687 0.039522
1 0.821094 0.310662 0.021354 0.036765
1 0.881250 0.261489 0.017708 0.028493
2 0.935417 0.194853 0.014583 0.018382
1 0.916927 0.197151 0.018229 0.032169
