6 0.669010 0.709099 0.145313 0.386949
6 0.107031 0.503676 0.076563 0.202206
5 0.278906 0.098805 0.549479 0.166360
5 0.092969 0.433824 0.184896 0.380515
5 0.656250 0.130055 0.158333 0.249081
5 0.929427 0.249540 0.141146 0.488051
6 0.854427 0.281710 0.082812 0.206801
6 0.455729 0.253676 0.068750 0.128676
3 0.401042 0.347426 0.026042 0.042279
4 0.406510 0.390165 0.024479 0.048713
9 0.370573 0.360754 0.033854 0.070772
3 0.723698 0.506893 0.051562 0.149816
9 0.762760 0.529871 0.038021 0.090993
3 0.312500 0.546875 0.054167 0.117647
3 0.269271 0.432445 0.041667 0.074449
6 0.170833 0.288143 0.091667 0.087316
3 0.475781 0.581342 0.051562 0.144301
3 0.406250 0.855239 0.105208 0.214154
3 0.537760 0.329963 0.045312 0.099265
3 0.686719 0.309283 0.034896 0.054228
4 0.681250 0.350184 0.019792 0.022059
9 0.802083 0.257353 0.030208 0.071691
3 0.765625 0.360294 0.030208 0.136029
3 0.653385 0.223346 0.027604 0.051471
7 0.649479 0.180147 0.083333 0.150735
1 0.052865 0.694853 0.090104 0.069853
1 0.081250 0.539982 0.065625 0.078125
1 0.049219 0.759191 0.085938 0.080882
1 0.155208 0.617647 0.076042 0.079044
1 0.138802 0.698070 0.090104 0.085478
1 0.209375 0.555147 0.061458 0.040441
0 0.248698 0.608915 0.123438 0.096507
2 0.276562 0.505515 0.035417 0.058824
1 0.421094 0.537684 0.066146 0.117647
1 0.931250 0.791360 0.096875 0.161765
1 0.804427 0.705882 0.104688 0.136029
2 0.572656 0.598805 0.088021 0.090993
8 0.730208 0.626379 0.046875 0.096507
2 0.713542 0.717371 0.026042 0.105699
1 0.627865 0.411765 0.080729 0.084559
1 0.454948 0.413603 0.035937 0.060662
8 0.478125 0.344669 0.060417 0.062500
1 0.398698 0.358915 0.081771 0.070772
1 0.313021 0.333640 0.048958 0.045956
1 0.356250 0.309283 0.031250 0.039522
0 0.267448 0.312500 0.046354 0.064338
1 0.210938 0.306985 0.054167 0.064338
2 0.690885 0.363511 0.045312 0.048713
2 0.751042 0.394301 0.027083 0.056985
1 0.742448 0.359835 0.059896 0.063419
1 0.774740 0.329963 0.058854 0.075368
1 0.814063 0.289982 0.046875 0.079963
1 0.890625 0.260110 0.027083 0.062500
