6 0.684896 0.704044 0.175000 0.398897
6 0.170573 0.274357 0.095312 0.087316
6 0.107552 0.488051 0.064062 0.213235
6 0.458333 0.251379 0.063542 0.125919
5 0.648698 0.141544 0.164062 0.273897
5 0.926823 0.261029 0.146354 0.511029
5 0.276562 0.112132 0.545833 0.170956
5 0.074219 0.420496 0.147396 0.361213
7 0.652083 0.191176 0.095833 0.167279
6 0.855208 0.297335 0.096875 0.223346
3 0.314583 0.562500 0.055208 0.121324
3 0.413281 0.857537 0.069271 0.183824
3 0.483333 0.590074 0.044792 0.145221
3 0.276823 0.443934 0.032813 0.051471
3 0.401823 0.346048 0.033854 0.046875
9 0.375260 0.373621 0.028646 0.072610
4 0.409635 0.388327 0.019271 0.035846
3 0.719271 0.516085 0.056250 0.138787
9 0.761198 0.521140 0.035937 0.095588
4 0.683594 0.345129 0.020313 0.034007
3 0.542188 0.329963 0.031250 0.088235
3 0.650260 0.227022 0.020313 0.044118
3 0.766927 0.358456 0.025521 0.125000
9 0.802865 0.255515 0.022396 0.064338
1 0.062500 0.680607 0.086458 0.100184
1 0.143750 0.613051 0.100000 0.088235
1 0.045573 0.759191 0.083854 0.088235
1 0.055990 0.825827 0.095312 0.057904
1 0.140104 0.691176 0.091667 0.097426
1 0.203906 0.546415 0.067187 0.057904
0 0.239844 0.598805 0.132812 0.114890
2 0.301823 0.498162 0.038021 0.053309
2 0.554948 0.592371 0.106771 0.144301
1 0.869010 0.727022 0.232813 0.246324
1 0.763021 0.597886 0.083333 0.102022
8 0.727083 0.629596 0.040625 0.095588
1 0.411458 0.354779 0.128125 0.088235
0 0.316146 0.332261 0.050000 0.076287
1 0.344010 0.324908 0.030729 0.048713
1 0.240365 0.314338 0.089063 0.080882
0 0.195833 0.306066 0.023958 0.027574
2 0.611458 0.396140 0.039583 0.064338
2 0.683594 0.363971 0.020313 0.044118
2 0.742448 0.397518 0.019271 0.043199
1 0.765104 0.329963 0.133333 0.139706
1 0.897656 0.217831 0.091146 0.125000
