6 0.667188 0.713235 0.152083 0.371324
6 0.114062 0.500460 0.075000 0.215993
6 0.172396 0.295496 0.085417 0.079963
6 0.860417 0.291820 0.087500 0.241728
6 0.457292 0.255055 0.076042 0.133272
7 0.647396 0.185202 0.087500 0.140625
5 0.275781 0.107537 0.547396 0.165441
5 0.919531 0.257812 0.160938 0.502757
5 0.091146 0.418658 0.179167 0.357537
5 0.651302 0.139706 0.164062 0.266544
3 0.479948 0.587776 0.056771 0.166360
3 0.406250 0.860754 0.063542 0.164522
3 0.313281 0.556526 0.052604 0.124081
3 0.272917 0.443015 0.036458 0.045956
3 0.727604 0.508272 0.041667 0.132353
3 0.766406 0.363971 0.028646 0.156250
3 0.398438 0.347426 0.029167 0.034926
9 0.374479 0.372702 0.025000 0.072610
4 0.407552 0.390625 0.023438 0.033088
9 0.760156 0.528493 0.032813 0.088235
3 0.540885 0.328125 0.030729 0.095588
3 0.685417 0.307904 0.029167 0.047794
3 0.653125 0.227941 0.027083 0.045956
4 0.681250 0.347426 0.017708 0.034926
9 0.803125 0.264246 0.031250 0.076287
1 0.050260 0.687960 0.082812 0.068934
1 0.047396 0.762868 0.079167 0.060662
1 0.156250 0.615349 0.088542 0.094669
1 0.137500 0.696691 0.090625 0.075368
1 0.210417 0.552390 0.045833 0.040441
1 0.236198 0.709559 0.084896 0.093750
0 0.235937 0.606618 0.108333 0.104779
2 0.274740 0.510570 0.036979 0.054228
8 0.143750 0.345588 0.037500 0.040441
2 0.547917 0.585018 0.045833 0.063419
1 0.801302 0.694393 0.102604 0.136949
1 0.932031 0.798254 0.105729 0.122243
1 0.946354 0.540901 0.077083 0.127757
1 0.651563 0.437040 0.064583 0.100184
1 0.455208 0.419118 0.053125 0.056985
1 0.550260 0.396140 0.063021 0.080882
1 0.597917 0.379596 0.071875 0.091912
1 0.455208 0.366728 0.046875 0.055147
1 0.312500 0.336397 0.036458 0.064338
1 0.371094 0.310662 0.038021 0.045956
1 0.373698 0.361673 0.035937 0.045037
1 0.400521 0.333180 0.043750 0.032169
1 0.230208 0.302390 0.044792 0.049632
2 0.695052 0.359375 0.027604 0.051471
2 0.748958 0.392463 0.021875 0.056985
1 0.743229 0.358915 0.065625 0.063419
1 0.780469 0.331342 0.063021 0.059743
1 0.807813 0.302849 0.045833 0.050551
1 0.889583 0.261489 0.020833 0.057904
1 0.821615 0.278033 0.015104 0.032169
