6 0.675521 0.710478 0.122917 0.345588
5 0.282031 0.131434 0.556771 0.220588
5 0.088802 0.441636 0.176563 0.363051
6 0.110677 0.489890 0.070312 0.202206
6 0.850521 0.279412 0.079167 0.196691
5 0.647396 0.140625 0.164583 0.268382
6 0.174740 0.284926 0.071354 0.079044
7 0.646615 0.182445 0.073438 0.131434
3 0.472656 0.586397 0.053646 0.141544
3 0.408594 0.854779 0.057813 0.163603
3 0.277604 0.439798 0.025000 0.065257
3 0.315625 0.548713 0.039583 0.113971
3 0.540885 0.315717 0.027604 0.076287
3 0.723958 0.511029 0.051042 0.126838
3 0.685156 0.310662 0.028646 0.058824
3 0.402865 0.354779 0.026562 0.038603
3 0.654167 0.235294 0.026042 0.056985
9 0.373437 0.370864 0.041667 0.076287
4 0.406510 0.383272 0.017188 0.036765
4 0.680469 0.352482 0.018229 0.026654
9 0.758594 0.525735 0.032813 0.104779
3 0.763542 0.352941 0.031250 0.130515
9 0.805208 0.254596 0.026042 0.069853
1 0.162500 0.744945 0.111458 0.096507
1 0.051823 0.698989 0.082812 0.056066
1 0.043490 0.759191 0.079687 0.082721
1 0.146875 0.622702 0.105208 0.067096
1 0.140104 0.688879 0.077083 0.089154
8 0.168750 0.351562 0.033333 0.050551
1 0.210417 0.556526 0.054167 0.052390
0 0.232813 0.595588 0.110417 0.115809
1 0.948698 0.812960 0.077604 0.135110
2 0.276562 0.511029 0.033333 0.049632
1 0.426563 0.533548 0.068750 0.107537
2 0.547656 0.595588 0.041146 0.079044
1 0.802083 0.701746 0.116667 0.114890
8 0.730208 0.628676 0.039583 0.097426
1 0.756250 0.441636 0.066667 0.078125
1 0.818750 0.501379 0.080208 0.079963
1 0.518229 0.384191 0.056250 0.082721
1 0.464844 0.347886 0.055729 0.081801
1 0.395052 0.340533 0.034896 0.035846
1 0.415365 0.382812 0.053646 0.043199
1 0.340885 0.339614 0.044271 0.061581
1 0.274219 0.316176 0.029687 0.051471
1 0.215625 0.311121 0.047917 0.052390
2 0.695052 0.360754 0.027604 0.046875
2 0.753385 0.398438 0.028646 0.057904
1 0.739323 0.361673 0.056771 0.081801
1 0.778125 0.334559 0.060417 0.062500
1 0.810156 0.308364 0.042188 0.059743
1 0.821354 0.276195 0.014583 0.028493
1 0.896875 0.250919 0.019792 0.031250
1 0.884375 0.272059 0.021875 0.042279
