6 0.686719 0.711397 0.140104 0.358456
3 0.483594 0.597886 0.063021 0.155331
3 0.404427 0.851103 0.061979 0.196691
1 0.030469 0.833180 0.059896 0.052390
1 0.347656 0.648897 0.107813 0.119485
1 0.410417 0.538603 0.071875 0.102941
5 0.954948 0.284467 0.090104 0.469669
5 0.920833 0.109835 0.158333 0.210478
5 0.279687 0.119485 0.558333 0.196691
5 0.084635 0.448529 0.164062 0.398897
5 0.653125 0.144761 0.169792 0.271140
0 0.463281 0.420956 0.059896 0.110294
1 0.536458 0.392004 0.055208 0.072610
1 0.533854 0.356618 0.058333 0.053309
1 0.815104 0.520221 0.083333 0.102941
1 0.957292 0.545037 0.067708 0.099265
1 0.779167 0.452206 0.063542 0.075368
3 0.726042 0.516544 0.038542 0.137868
9 0.761979 0.527114 0.035417 0.116728
6 0.856510 0.285846 0.074479 0.209559
6 0.460417 0.262868 0.071875 0.139706
7 0.652604 0.183824 0.091667 0.159926
3 0.658854 0.223805 0.037500 0.061581
6 0.111458 0.497702 0.069792 0.192096
6 0.167969 0.285846 0.085938 0.073529
1 0.042188 0.757812 0.081250 0.076287
1 0.052083 0.694853 0.083333 0.062500
1 0.137500 0.692555 0.086458 0.079963
1 0.136979 0.612592 0.062500 0.065257
1 0.163542 0.637408 0.067708 0.067096
1 0.208333 0.553309 0.059375 0.053309
0 0.235677 0.600643 0.117188 0.109375
3 0.317708 0.559283 0.055208 0.122243
3 0.274479 0.440257 0.037500 0.069853
2 0.275521 0.509191 0.041667 0.060662
1 0.429948 0.386489 0.035937 0.048713
3 0.398177 0.357996 0.025521 0.045037
9 0.373958 0.369485 0.026042 0.062500
4 0.406250 0.394301 0.023958 0.045956
1 0.361719 0.364890 0.038021 0.047794
1 0.376302 0.339614 0.034896 0.043199
1 0.378646 0.320312 0.039583 0.037684
1 0.340625 0.335478 0.032292 0.049632
1 0.297135 0.323070 0.028646 0.043199
1 0.293229 0.305147 0.027083 0.033088
1 0.254948 0.331342 0.022396 0.032169
1 0.259375 0.301011 0.027083 0.037684
1 0.225260 0.318015 0.026562 0.031250
1 0.230729 0.292739 0.018750 0.024816
1 0.241146 0.308824 0.020833 0.023897
3 0.539583 0.315717 0.036458 0.061581
3 0.763542 0.362132 0.026042 0.130515
1 0.885938 0.250000 0.020833 0.036765
1 0.926823 0.190717 0.018229 0.032169
3 0.685937 0.315257 0.026042 0.044118
4 0.683073 0.348805 0.015104 0.034007
2 0.688021 0.363051 0.020833 0.042279
2 0.701823 0.359835 0.018229 0.043199
1 0.753385 0.371783 0.041146 0.056066
1 0.731510 0.357077 0.044271 0.054228
1 0.766406 0.326287 0.030729 0.044118
1 0.796615 0.345588 0.035937 0.042279
1 0.800000 0.299173 0.037500 0.041360
1 0.793750 0.340993 0.031250 0.042279
1 0.797917 0.305147 0.032292 0.036765
1 0.821094 0.313419 0.019271 0.044118
9 0.802865 0.258272 0.016146 0.071691
