1 0.105208 0.834099 0.128125 0.122243
3 0.409896 0.846507 0.043750 0.194853
3 0.477865 0.593290 0.068229 0.170037
6 0.677344 0.715074 0.174479 0.382353
3 0.728125 0.507812 0.039583 0.159007
9 0.763021 0.526654 0.039583 0.091912
1 0.864062 0.542739 0.068750 0.118566
1 0.979948 0.564338 0.040104 0.115809
1 0.436979 0.483456 0.054167 0.095588
5 0.942708 0.293199 0.114583 0.488971
6 0.849479 0.292739 0.081250 0.219669
5 0.916406 0.120864 0.167187 0.239890
1 0.044792 0.758272 0.076042 0.069853
1 0.144531 0.698989 0.097396 0.070772
1 0.054948 0.696232 0.076563 0.059743
1 0.129688 0.619945 0.045833 0.057904
1 0.159896 0.625919 0.083333 0.077206
5 0.094010 0.432445 0.182812 0.418199
5 0.284896 0.158548 0.566667 0.282169
7 0.650000 0.184283 0.073958 0.142463
6 0.110156 0.496783 0.059896 0.181066
1 0.207031 0.557904 0.064062 0.042279
0 0.235156 0.606158 0.116146 0.094669
3 0.305469 0.559743 0.033854 0.112132
3 0.275260 0.443474 0.027604 0.048713
2 0.280990 0.505515 0.031771 0.051471
1 0.509115 0.401195 0.042188 0.056066
6 0.174740 0.284926 0.066146 0.066176
1 0.699479 0.417739 0.068750 0.079963
1 0.572135 0.375919 0.050521 0.060662
3 0.654687 0.222426 0.019792 0.036765
5 0.656510 0.116728 0.175521 0.222426
2 0.688021 0.363511 0.022917 0.050551
2 0.703385 0.358456 0.027604 0.051471
4 0.683854 0.354779 0.017708 0.036765
3 0.685937 0.312500 0.030208 0.044118
1 0.756771 0.376379 0.040625 0.065257
1 0.730990 0.353860 0.041146 0.060662
3 0.760677 0.313879 0.026562 0.045037
1 0.791406 0.341912 0.039062 0.047794
1 0.764583 0.326746 0.037500 0.048713
1 0.800000 0.301011 0.031250 0.046875
1 0.825260 0.310202 0.026562 0.048713
9 0.805729 0.267004 0.020833 0.079963
4 0.404687 0.394301 0.026042 0.045956
1 0.431250 0.382812 0.039583 0.057904
1 0.440104 0.360294 0.046875 0.047794
1 0.472396 0.351103 0.042708 0.044118
3 0.542448 0.318934 0.028646 0.086397
0 0.375781 0.353401 0.049479 0.068934
3 0.400521 0.351562 0.021875 0.039522
1 0.326302 0.347426 0.028646 0.045956
1 0.329948 0.329044 0.032813 0.034926
1 0.363021 0.322610 0.027083 0.033088
1 0.278385 0.334099 0.023438 0.026654
1 0.298438 0.316176 0.022917 0.027574
1 0.272396 0.315257 0.025000 0.029412
1 0.275521 0.301930 0.020833 0.026654
