6 0.670833 0.699449 0.140625 0.367647
6 0.158333 0.269301 0.087500 0.084559
6 0.118229 0.505515 0.077083 0.233456
6 0.846875 0.290441 0.085417 0.222426
6 0.461198 0.250919 0.110937 0.158088
7 0.653385 0.187500 0.089063 0.145221
5 0.278385 0.117647 0.552604 0.204044
5 0.091146 0.426930 0.181250 0.379596
5 0.652083 0.141544 0.175000 0.270221
5 0.925000 0.261489 0.150000 0.511949
3 0.482031 0.593290 0.055729 0.162684
3 0.409896 0.854779 0.047917 0.159926
3 0.312240 0.551930 0.046354 0.114890
3 0.273177 0.433824 0.032813 0.045956
3 0.398958 0.347886 0.022917 0.037684
9 0.373958 0.371783 0.022917 0.061581
4 0.405729 0.396140 0.029167 0.051471
1 0.726042 0.505515 0.035417 0.117647
9 0.762240 0.520221 0.036979 0.101103
3 0.764583 0.356618 0.033333 0.137868
3 0.651563 0.225184 0.020833 0.036765
3 0.685937 0.307904 0.027083 0.036765
3 0.541406 0.322151 0.028646 0.096507
4 0.685156 0.345129 0.020313 0.032169
9 0.802344 0.257812 0.025521 0.085478
1 0.051562 0.688879 0.075000 0.067096
1 0.050260 0.764706 0.088021 0.091912
1 0.147917 0.616268 0.082292 0.059743
1 0.136458 0.689798 0.096875 0.087316
1 0.189844 0.764246 0.121354 0.098346
2 0.278385 0.504136 0.040104 0.061581
1 0.213021 0.551471 0.058333 0.053309
0 0.240885 0.602022 0.126562 0.128676
2 0.548958 0.593290 0.060417 0.087316
1 0.803125 0.707721 0.111458 0.130515
1 0.922396 0.796415 0.087500 0.140625
2 0.722396 0.690717 0.029167 0.078125
8 0.728385 0.622702 0.044271 0.089154
1 0.885417 0.591452 0.087500 0.129596
1 0.716927 0.472426 0.086979 0.141544
1 0.457292 0.380055 0.048958 0.094669
1 0.357292 0.325827 0.053125 0.059743
1 0.376563 0.368566 0.035417 0.053309
1 0.307552 0.332261 0.035937 0.061581
1 0.249219 0.317555 0.053646 0.061581
1 0.201042 0.301930 0.044792 0.045037
2 0.694271 0.363971 0.033333 0.049632
2 0.748698 0.395680 0.020313 0.065257
1 0.740885 0.357996 0.063021 0.067096
1 0.778125 0.336397 0.059375 0.056985
1 0.810156 0.310202 0.042188 0.052390
1 0.894792 0.263327 0.033333 0.072610
1 0.819271 0.271599 0.017708 0.039522
