6 0.670312 0.692555 0.168750 0.397978
6 0.167187 0.268382 0.100000 0.106618
6 0.105729 0.486213 0.075000 0.202206
5 0.278646 0.103860 0.552083 0.169118
5 0.647135 0.134191 0.165104 0.264706
5 0.916927 0.242647 0.163021 0.476103
6 0.460156 0.261029 0.061979 0.150735
6 0.852083 0.283088 0.090625 0.204044
7 0.647917 0.180147 0.079167 0.156250
5 0.089844 0.422794 0.174479 0.347426
3 0.275260 0.437040 0.032813 0.061581
3 0.306250 0.553768 0.069792 0.103860
3 0.476823 0.575368 0.046354 0.141544
3 0.400781 0.845588 0.076563 0.172794
3 0.399479 0.347886 0.020833 0.037684
3 0.548958 0.331342 0.035417 0.090993
3 0.721615 0.508272 0.034896 0.132353
3 0.683073 0.302390 0.028646 0.044118
3 0.654167 0.230239 0.025000 0.037684
3 0.762240 0.360754 0.045312 0.135110
9 0.366406 0.369026 0.029687 0.057904
9 0.760677 0.530790 0.032813 0.087316
4 0.407292 0.386029 0.019792 0.042279
4 0.684375 0.348346 0.028125 0.040441
9 0.800000 0.258272 0.025000 0.080882
1 0.060417 0.674173 0.088542 0.087316
1 0.043229 0.756434 0.075000 0.066176
1 0.151042 0.624081 0.097917 0.091912
1 0.139323 0.692555 0.078646 0.079963
2 0.555729 0.606618 0.110417 0.113971
1 0.862500 0.725184 0.225000 0.286765
1 0.750521 0.577206 0.072917 0.091912
8 0.727344 0.618107 0.057813 0.144301
1 0.448698 0.356618 0.057813 0.069853
1 0.418229 0.512868 0.064583 0.097426
1 0.208073 0.554688 0.048438 0.037684
0 0.236198 0.592371 0.104688 0.113051
1 0.082292 0.802849 0.094792 0.114890
0 0.271615 0.673713 0.168229 0.136029
2 0.274219 0.509191 0.032813 0.053309
0 0.898177 0.531710 0.098437 0.157169
1 0.397396 0.357537 0.047917 0.071691
1 0.351302 0.346967 0.064062 0.076287
2 0.332292 0.311581 0.035417 0.033088
1 0.302604 0.321691 0.032292 0.042279
0 0.277865 0.315717 0.045312 0.061581
1 0.220833 0.315717 0.077083 0.045037
2 0.749479 0.394301 0.032292 0.058824
2 0.692187 0.363051 0.034375 0.051471
2 0.571094 0.274816 0.022396 0.033088
1 0.742969 0.361213 0.058854 0.080882
1 0.789583 0.317096 0.088542 0.082721
1 0.821615 0.277114 0.020313 0.039522
1 0.896094 0.267923 0.038021 0.103860
1 0.908073 0.208640 0.053646 0.055147
