6 0.679167 0.704963 0.150000 0.347426
1 0.295052 0.658548 0.093229 0.118566
3 0.411458 0.861213 0.065625 0.191176
3 0.482292 0.590074 0.056250 0.161765
1 0.049219 0.696232 0.077604 0.072610
1 0.045052 0.760110 0.089063 0.075368
1 0.142708 0.686121 0.093750 0.083640
1 0.133854 0.612592 0.056250 0.061581
1 0.163281 0.636489 0.072396 0.072610
0 0.234635 0.598805 0.115104 0.114890
3 0.312500 0.550092 0.048958 0.107537
6 0.106510 0.502757 0.082812 0.222426
5 0.086979 0.426930 0.172917 0.344669
5 0.286198 0.164522 0.568229 0.283088
2 0.275260 0.509651 0.038021 0.056066
3 0.308594 0.553768 0.054688 0.114890
3 0.277344 0.458640 0.042188 0.093750
6 0.172656 0.287684 0.091146 0.082721
1 0.429688 0.510110 0.059375 0.097426
1 0.572135 0.408088 0.054688 0.077206
1 0.654167 0.411765 0.068750 0.069853
9 0.762240 0.539522 0.030729 0.128676
3 0.724219 0.505974 0.039062 0.118566
1 0.826042 0.534926 0.075000 0.108456
1 0.827604 0.487132 0.076042 0.095588
1 0.984896 0.553768 0.030208 0.087316
6 0.853125 0.284007 0.073958 0.205882
5 0.948438 0.269761 0.103125 0.451287
5 0.918229 0.094210 0.163542 0.186581
3 0.541406 0.324908 0.023438 0.094669
4 0.680729 0.350643 0.018750 0.037684
3 0.688021 0.312960 0.028125 0.041360
3 0.655469 0.221507 0.026562 0.049632
4 0.404687 0.388787 0.016667 0.034926
1 0.432292 0.390165 0.038542 0.063419
1 0.506771 0.360294 0.047917 0.055147
1 0.429948 0.336857 0.041146 0.041360
1 0.350000 0.358915 0.033333 0.046875
9 0.375260 0.366268 0.022396 0.063419
0 0.311458 0.338235 0.037500 0.062500
3 0.401823 0.350184 0.017188 0.036765
1 0.402604 0.350643 0.034375 0.035846
1 0.355729 0.322610 0.027083 0.036765
1 0.337500 0.329504 0.026042 0.037684
6 0.454427 0.260110 0.055729 0.119485
1 0.270573 0.312960 0.025521 0.026654
1 0.276302 0.331342 0.024479 0.034007
1 0.299219 0.309283 0.020313 0.028493
1 0.238021 0.322151 0.020833 0.028493
1 0.240625 0.307904 0.021875 0.025735
7 0.649219 0.186121 0.081771 0.164522
5 0.668750 0.116268 0.193750 0.227022
2 0.689063 0.363051 0.018750 0.040441
2 0.703906 0.356158 0.017188 0.037684
3 0.764062 0.362592 0.029167 0.140625
1 0.757031 0.375000 0.040104 0.056985
1 0.734375 0.357996 0.045833 0.056066
1 0.795312 0.341452 0.034375 0.045037
1 0.762760 0.325827 0.036979 0.041360
1 0.802344 0.302849 0.030729 0.043199
1 0.824740 0.313879 0.020313 0.046875
9 0.802865 0.260110 0.015104 0.068015
