6 0.683073 0.707721 0.158854 0.358456
3 0.474219 0.593750 0.055729 0.139706
3 0.416927 0.850643 0.058854 0.162684
3 0.312500 0.550551 0.054167 0.099265
3 0.273958 0.440717 0.038542 0.054228
6 0.166406 0.276195 0.083854 0.076287
5 0.085417 0.423713 0.169792 0.352941
5 0.279687 0.121783 0.545833 0.164522
6 0.106510 0.490809 0.079687 0.200368
5 0.643229 0.138327 0.152083 0.265625
7 0.645573 0.174632 0.067187 0.139706
5 0.921094 0.256434 0.157812 0.507353
6 0.849479 0.288603 0.081250 0.207721
3 0.655208 0.227941 0.028125 0.049632
6 0.456510 0.256893 0.083854 0.149816
3 0.395573 0.346967 0.033854 0.050551
4 0.406510 0.387868 0.025521 0.044118
9 0.377865 0.372702 0.030729 0.072610
3 0.725000 0.512868 0.041667 0.137868
9 0.763281 0.536305 0.034896 0.107537
3 0.685417 0.310662 0.023958 0.053309
3 0.541927 0.328585 0.028646 0.118566
3 0.764844 0.357077 0.038021 0.142463
9 0.804167 0.256434 0.025000 0.062500
4 0.678125 0.344210 0.021875 0.035846
1 0.051302 0.692555 0.077604 0.057904
1 0.043229 0.757812 0.079167 0.070772
1 0.152344 0.617188 0.082812 0.076287
1 0.132812 0.687960 0.075000 0.078125
1 0.208854 0.555147 0.052083 0.034926
0 0.236979 0.613971 0.095833 0.112132
2 0.277083 0.516544 0.036458 0.053309
8 0.160156 0.451746 0.050521 0.068934
1 0.825260 0.720588 0.113021 0.134191
2 0.547656 0.594669 0.046354 0.077206
8 0.725260 0.623162 0.042188 0.097426
1 0.839844 0.533548 0.091146 0.142463
1 0.747396 0.443474 0.066667 0.074449
1 0.476562 0.446232 0.047917 0.079963
1 0.580469 0.377757 0.064062 0.055147
1 0.602865 0.425092 0.064062 0.059743
1 0.446094 0.396140 0.045312 0.058824
1 0.441146 0.360754 0.038542 0.045037
1 0.342708 0.336857 0.033333 0.043199
1 0.376823 0.366268 0.036979 0.052390
1 0.407552 0.328125 0.034896 0.034926
1 0.301302 0.321691 0.045312 0.051471
1 0.205469 0.303768 0.025521 0.039522
1 0.244531 0.312960 0.028646 0.043199
1 0.270052 0.299173 0.025521 0.039522
2 0.696875 0.356618 0.029167 0.053309
1 0.742188 0.359375 0.065625 0.062500
2 0.760156 0.386489 0.019271 0.041360
1 0.776302 0.332721 0.065104 0.058824
1 0.805990 0.305607 0.048438 0.048713
1 0.880990 0.265625 0.008854 0.034926
