3 0.478646 0.592831 0.045833 0.143382
6 0.665365 0.693934 0.144271 0.375000
3 0.402083 0.855699 0.067708 0.191176
6 0.110156 0.497243 0.075521 0.220588
5 0.281250 0.137408 0.561458 0.227022
5 0.074740 0.424173 0.145313 0.331801
5 0.924219 0.248162 0.151562 0.487132
5 0.662240 0.133732 0.170313 0.263787
3 0.311979 0.565717 0.045833 0.113051
3 0.277604 0.445312 0.035417 0.048713
6 0.455729 0.252757 0.056250 0.121324
6 0.847917 0.305147 0.091667 0.248162
6 0.172917 0.279871 0.087500 0.068934
7 0.647917 0.179688 0.080208 0.135110
3 0.400781 0.349265 0.030729 0.042279
3 0.653646 0.226562 0.020833 0.043199
3 0.763281 0.362132 0.035937 0.139706
9 0.373177 0.371783 0.025521 0.056066
4 0.407031 0.391544 0.019271 0.036765
3 0.684635 0.308364 0.027604 0.048713
3 0.541927 0.312960 0.036979 0.078125
4 0.681771 0.346967 0.016667 0.028493
9 0.802344 0.259191 0.025521 0.071691
1 0.098698 0.796415 0.097396 0.102022
1 0.051042 0.694853 0.077083 0.056985
1 0.045833 0.757353 0.088542 0.047794
1 0.155469 0.616728 0.089063 0.066176
1 0.135417 0.695772 0.083333 0.077206
1 0.207292 0.553309 0.059375 0.042279
0 0.238021 0.607537 0.106250 0.106618
1 0.172135 0.345588 0.030729 0.049632
1 0.470573 0.423713 0.049479 0.066176
1 0.536979 0.359835 0.058333 0.063419
1 0.556250 0.403033 0.055208 0.074449
1 0.765365 0.499540 0.081771 0.114890
3 0.722135 0.511029 0.040104 0.141544
9 0.754427 0.534926 0.028646 0.108456
1 0.851562 0.737592 0.118750 0.155331
1 0.978906 0.580423 0.042188 0.135110
2 0.541667 0.586397 0.058333 0.073529
2 0.275781 0.506434 0.040104 0.051471
8 0.729167 0.629136 0.034375 0.098346
1 0.381250 0.324449 0.041667 0.031250
1 0.361979 0.364890 0.033333 0.044118
1 0.423438 0.354320 0.037500 0.035846
1 0.424740 0.384191 0.035937 0.044118
1 0.335417 0.334099 0.031250 0.039522
1 0.298698 0.325827 0.025521 0.026654
1 0.282813 0.312040 0.026042 0.032169
1 0.197917 0.301011 0.025000 0.032169
1 0.234896 0.312500 0.026042 0.031250
1 0.282552 0.310662 0.021354 0.029412
1 0.271875 0.330882 0.021875 0.025735
1 0.689583 0.425092 0.069792 0.056066
2 0.692708 0.352482 0.037500 0.059743
1 0.741927 0.361673 0.057813 0.068934
2 0.779167 0.366268 0.022917 0.046875
1 0.777865 0.329044 0.060937 0.058824
1 0.808333 0.306066 0.039583 0.047794
1 0.819010 0.278952 0.020313 0.034007
1 0.879948 0.262868 0.015104 0.036765
