6 0.661198 0.699449 0.151562 0.371324
3 0.474740 0.593750 0.061979 0.145221
3 0.409375 0.855699 0.065625 0.183824
1 0.390365 0.562040 0.081771 0.122243
0 0.235677 0.599724 0.103646 0.105699
1 0.052604 0.693015 0.081250 0.058824
1 0.041667 0.762408 0.076042 0.079963
1 0.136719 0.702665 0.089063 0.090993
1 0.132292 0.610294 0.053125 0.064338
1 0.161198 0.632353 0.077604 0.060662
1 0.209635 0.555147 0.060937 0.045956
6 0.116927 0.511029 0.088021 0.207721
5 0.081250 0.455882 0.161458 0.380515
1 0.519271 0.440717 0.047917 0.078125
1 0.972656 0.608456 0.054688 0.097426
1 0.803906 0.467831 0.075521 0.088235
3 0.725781 0.504136 0.035937 0.144301
9 0.764062 0.524357 0.037500 0.111213
1 0.647135 0.406710 0.055729 0.087316
5 0.284896 0.093750 0.566667 0.161765
1 0.452865 0.408548 0.048438 0.065257
1 0.497656 0.377298 0.050521 0.054228
1 0.527865 0.361673 0.044271 0.056066
6 0.456771 0.252757 0.069792 0.134191
4 0.407813 0.386029 0.017708 0.036765
3 0.400260 0.351103 0.025521 0.038603
3 0.311719 0.560662 0.047396 0.112132
3 0.280469 0.459559 0.034896 0.084559
2 0.275521 0.508272 0.031250 0.044118
1 0.351562 0.359375 0.033333 0.042279
1 0.365104 0.335018 0.036458 0.039522
1 0.396615 0.323070 0.032813 0.034007
0 0.407813 0.360754 0.048958 0.067096
7 0.652083 0.187500 0.088542 0.163603
3 0.653125 0.222426 0.025000 0.042279
5 0.645052 0.121324 0.151562 0.237132
6 0.174219 0.272518 0.064062 0.067096
1 0.296875 0.341912 0.030208 0.040441
1 0.318229 0.319853 0.028125 0.029412
1 0.282552 0.318474 0.029687 0.032169
1 0.294271 0.301930 0.019792 0.021140
5 0.925781 0.086857 0.148438 0.171875
5 0.955208 0.247702 0.089583 0.392463
6 0.851562 0.281250 0.075000 0.205882
2 0.688281 0.369485 0.023438 0.040441
2 0.700521 0.353401 0.018750 0.041360
3 0.684375 0.310202 0.025000 0.035846
4 0.680729 0.353401 0.016667 0.028493
3 0.765104 0.352022 0.033333 0.125000
1 0.730208 0.352941 0.040625 0.055147
1 0.754427 0.374540 0.038021 0.048713
1 0.765365 0.329044 0.036979 0.042279
1 0.793490 0.341912 0.034896 0.044118
1 0.800521 0.305607 0.030208 0.039522
1 0.824219 0.312500 0.023438 0.044118
9 0.801042 0.259651 0.018750 0.078125
