6 0.671094 0.709099 0.149479 0.363051
6 0.456510 0.255515 0.071354 0.132353
6 0.849219 0.285846 0.076563 0.202206
6 0.111979 0.496324 0.062500 0.200368
6 0.171354 0.274816 0.075000 0.077206
5 0.268229 0.129596 0.520833 0.194853
5 0.081510 0.438879 0.161979 0.352022
5 0.922656 0.237592 0.154688 0.471507
5 0.647135 0.134651 0.185938 0.263787
7 0.649479 0.184283 0.062500 0.142463
3 0.475000 0.594210 0.044792 0.133272
3 0.408333 0.847426 0.053125 0.193015
3 0.277344 0.439338 0.028646 0.038603
3 0.310677 0.556985 0.058854 0.112132
3 0.543229 0.325368 0.035417 0.101103
3 0.402344 0.345588 0.021354 0.055147
9 0.370312 0.363971 0.035417 0.068015
3 0.728385 0.510570 0.044271 0.122243
9 0.761458 0.529412 0.042708 0.101103
3 0.684375 0.314338 0.040625 0.064338
3 0.656250 0.230699 0.029167 0.047794
4 0.682552 0.346967 0.019271 0.030331
4 0.405469 0.397059 0.023438 0.038603
9 0.802865 0.261029 0.026562 0.077206
3 0.768490 0.353860 0.036979 0.136029
1 0.210417 0.553768 0.053125 0.050551
1 0.051562 0.693015 0.072917 0.071691
1 0.045833 0.765625 0.079167 0.066176
1 0.153646 0.621783 0.081250 0.078125
1 0.138021 0.695772 0.091667 0.077206
0 0.236458 0.604779 0.106250 0.108456
2 0.279687 0.511949 0.029167 0.044118
8 0.183333 0.418199 0.044792 0.051471
1 0.147917 0.334559 0.025000 0.040441
2 0.546094 0.590533 0.057813 0.089154
1 0.454167 0.505974 0.061458 0.087316
1 0.455729 0.437960 0.050000 0.056066
1 0.807292 0.700368 0.106250 0.119485
8 0.728906 0.626838 0.033854 0.108456
1 0.965625 0.625460 0.068750 0.173713
1 0.661979 0.402114 0.064583 0.079963
1 0.701823 0.462316 0.067187 0.077206
1 0.858854 0.487132 0.072917 0.090074
1 0.485938 0.376838 0.044792 0.044118
1 0.458333 0.342831 0.044792 0.044118
1 0.366406 0.340533 0.036979 0.045037
1 0.415625 0.381893 0.036458 0.037684
1 0.302083 0.308824 0.038542 0.044118
1 0.333333 0.328585 0.029167 0.041360
1 0.266406 0.312040 0.030729 0.035846
1 0.253646 0.325368 0.023958 0.029412
2 0.696354 0.360294 0.031250 0.045956
2 0.750260 0.391544 0.024479 0.051471
1 0.738281 0.359375 0.064062 0.068015
1 0.780208 0.331342 0.071875 0.063419
1 0.804948 0.307445 0.044271 0.043199
1 0.821094 0.281710 0.019271 0.030331
1 0.879687 0.263327 0.010417 0.039522
