6 0.671875 0.708180 0.143750 0.361213
1 0.179688 0.768382 0.116667 0.113971
1 0.045312 0.761949 0.081250 0.066176
1 0.051302 0.690257 0.085938 0.077206
6 0.111198 0.504136 0.065104 0.210478
1 0.139583 0.697610 0.078125 0.080882
1 0.127083 0.608456 0.045833 0.064338
1 0.167448 0.628676 0.073438 0.079044
0 0.236458 0.604320 0.106250 0.109375
1 0.209896 0.553309 0.062500 0.053309
5 0.088802 0.453585 0.176563 0.418199
3 0.307292 0.553768 0.031250 0.118566
3 0.274219 0.435662 0.026562 0.049632
2 0.277083 0.511949 0.036458 0.055147
1 0.441406 0.461857 0.057813 0.102022
6 0.172135 0.289982 0.079687 0.063419
5 0.286719 0.126379 0.568229 0.245404
1 0.496875 0.390625 0.041667 0.060662
3 0.477604 0.596048 0.037500 0.142463
3 0.410938 0.856158 0.046875 0.162684
3 0.722135 0.520221 0.041146 0.139706
9 0.761719 0.525735 0.031771 0.086397
1 0.810677 0.510570 0.074479 0.090993
1 0.660677 0.405790 0.060937 0.076287
1 0.543229 0.367188 0.054167 0.054228
3 0.542188 0.313879 0.019792 0.074449
1 0.931250 0.533548 0.084375 0.089154
5 0.948438 0.286305 0.103125 0.473346
6 0.848698 0.279871 0.075521 0.206801
7 0.646094 0.177390 0.074479 0.145221
3 0.653125 0.226103 0.025000 0.044118
5 0.655729 0.108456 0.171875 0.213235
5 0.924479 0.101103 0.151042 0.191176
3 0.686198 0.313879 0.017188 0.035846
4 0.682031 0.348346 0.016146 0.027574
2 0.688542 0.362132 0.017708 0.049632
2 0.703646 0.353401 0.018750 0.041360
3 0.762500 0.359835 0.023958 0.135110
1 0.755469 0.375000 0.036979 0.053309
1 0.730469 0.354779 0.043229 0.058824
1 0.795312 0.343750 0.041667 0.044118
1 0.764323 0.325368 0.035937 0.040441
1 0.800260 0.301011 0.031771 0.041360
1 0.826042 0.311121 0.021875 0.045037
9 0.804427 0.261029 0.017188 0.062500
3 0.398958 0.347886 0.019792 0.037684
4 0.405469 0.388787 0.015104 0.038603
1 0.421875 0.380515 0.033333 0.045956
1 0.426823 0.354320 0.047396 0.037684
1 0.450781 0.341912 0.038021 0.042279
6 0.458594 0.260110 0.065104 0.117647
0 0.367188 0.352482 0.044792 0.063419
1 0.320052 0.346048 0.032813 0.035846
1 0.319271 0.324449 0.031250 0.033088
1 0.350781 0.319393 0.026562 0.032169
1 0.270833 0.327665 0.030208 0.028493
1 0.292448 0.313419 0.024479 0.031250
1 0.267448 0.314338 0.025521 0.027574
1 0.233333 0.306066 0.021875 0.025735
1 0.235677 0.294118 0.022396 0.020221
