6 0.664583 0.694393 0.159375 0.399816
3 0.475260 0.590993 0.053646 0.165441
3 0.409896 0.865349 0.066667 0.175551
6 0.109375 0.497243 0.082292 0.224265
5 0.281771 0.108915 0.562500 0.214154
5 0.080990 0.431985 0.158854 0.358456
5 0.921094 0.235294 0.157812 0.465074
5 0.656250 0.136029 0.188542 0.255515
7 0.649479 0.187500 0.085417 0.134191
6 0.453646 0.258272 0.068750 0.143382
6 0.849219 0.295496 0.072396 0.214154
6 0.170833 0.290901 0.084375 0.061581
3 0.306771 0.551471 0.070833 0.121324
3 0.271875 0.440257 0.027083 0.044118
3 0.769010 0.365809 0.041146 0.183824
3 0.723437 0.511489 0.037500 0.135110
9 0.765104 0.534926 0.035417 0.097426
3 0.401302 0.341452 0.026562 0.041360
3 0.685677 0.312040 0.036979 0.054228
3 0.647917 0.225184 0.030208 0.044118
9 0.372917 0.365349 0.021875 0.072610
4 0.406250 0.391085 0.023958 0.030331
4 0.679427 0.342831 0.016146 0.029412
9 0.800260 0.259651 0.025521 0.072610
3 0.541667 0.329504 0.030208 0.074449
1 0.312500 0.679688 0.105208 0.100184
1 0.054167 0.692555 0.098958 0.059743
1 0.053906 0.759651 0.096354 0.072610
1 0.152865 0.621783 0.084896 0.076287
1 0.140104 0.685662 0.083333 0.079044
1 0.211458 0.550551 0.061458 0.040441
0 0.232813 0.602022 0.100000 0.084559
2 0.279167 0.512408 0.044792 0.052390
8 0.438802 0.485294 0.065104 0.099265
1 0.290885 0.416360 0.052604 0.058824
1 0.650000 0.443015 0.067708 0.071691
2 0.587760 0.617647 0.049479 0.075368
1 0.875000 0.502757 0.079167 0.095588
1 0.671875 0.412684 0.070833 0.064338
1 0.447396 0.409007 0.040625 0.056985
1 0.481250 0.374540 0.047917 0.043199
1 0.507812 0.358456 0.047917 0.051471
1 0.402344 0.373162 0.035937 0.044118
1 0.384115 0.326287 0.025521 0.029412
1 0.405469 0.347886 0.036979 0.041360
1 0.322917 0.351103 0.035417 0.044118
1 0.347656 0.331801 0.034896 0.042279
1 0.282552 0.337776 0.031771 0.034007
1 0.250260 0.327665 0.023438 0.039522
1 0.237240 0.304688 0.021354 0.032169
1 0.202865 0.296875 0.022396 0.031250
1 0.178906 0.292739 0.014063 0.022978
1 0.194531 0.288143 0.014063 0.026654
1 0.299479 0.305147 0.026042 0.031250
1 0.310937 0.320312 0.021875 0.026654
1 0.250521 0.327665 0.019792 0.034007
2 0.687760 0.363971 0.018229 0.034926
2 0.703385 0.358456 0.018229 0.042279
1 0.732292 0.354320 0.043750 0.059743
1 0.755729 0.373621 0.040625 0.054228
1 0.764062 0.327665 0.034375 0.034007
1 0.793490 0.342371 0.032813 0.043199
1 0.800521 0.303309 0.030208 0.051471
1 0.821875 0.312040 0.025000 0.035846
1 0.821875 0.276654 0.020833 0.034926
1 0.884635 0.266544 0.020313 0.051471
1 0.898958 0.219669 0.036458 0.034926
1 0.929427 0.191636 0.022396 0.041360
