6 0.671354 0.708640 0.143750 0.382353
3 0.480208 0.595588 0.047917 0.167279
3 0.399219 0.856618 0.084896 0.189338
1 0.281510 0.702665 0.100521 0.113051
1 0.380208 0.567555 0.086458 0.111213
1 0.907813 0.568015 0.087500 0.108456
9 0.769531 0.534467 0.034896 0.103860
3 0.727865 0.507353 0.051562 0.141544
5 0.267969 0.117647 0.534896 0.207721
1 0.831510 0.477482 0.086979 0.090993
1 0.991406 0.552849 0.017188 0.081801
5 0.091927 0.457721 0.182812 0.409926
5 0.644271 0.138327 0.156250 0.272978
5 0.948177 0.286765 0.103646 0.501838
5 0.925000 0.111213 0.150000 0.209559
1 0.053646 0.693015 0.079167 0.060662
1 0.044271 0.753217 0.087500 0.083640
1 0.136979 0.693474 0.085417 0.087316
1 0.131510 0.613051 0.038021 0.058824
1 0.162240 0.628676 0.067187 0.079044
6 0.113542 0.497243 0.086458 0.193015
1 0.212500 0.555607 0.056250 0.035846
0 0.237760 0.605699 0.104688 0.099265
3 0.314583 0.560202 0.046875 0.107537
3 0.274479 0.443015 0.037500 0.055147
2 0.279427 0.510570 0.039062 0.065257
7 0.646615 0.177390 0.101562 0.147059
3 0.652865 0.230239 0.030729 0.057904
0 0.457292 0.437960 0.069792 0.105699
1 0.577083 0.403033 0.069792 0.089154
1 0.564844 0.367647 0.050521 0.055147
6 0.853906 0.290441 0.082812 0.216912
6 0.453646 0.253217 0.067708 0.146140
6 0.169792 0.280331 0.085417 0.073529
1 0.375000 0.366728 0.040625 0.047794
3 0.402083 0.349724 0.022917 0.039522
4 0.406510 0.390165 0.018229 0.041360
1 0.446875 0.388787 0.043750 0.042279
1 0.351562 0.335938 0.040625 0.046875
1 0.385677 0.341912 0.031771 0.034926
1 0.401562 0.322610 0.035417 0.040441
1 0.307292 0.324908 0.032292 0.032169
1 0.302604 0.306985 0.030208 0.031250
1 0.263021 0.327206 0.035417 0.027574
1 0.235937 0.317555 0.023958 0.030331
1 0.266406 0.303309 0.021354 0.027574
1 0.250521 0.307445 0.022917 0.030331
1 0.210938 0.315257 0.020833 0.023897
1 0.217708 0.301930 0.019792 0.022978
1 0.195833 0.306985 0.015625 0.023897
1 0.883073 0.256434 0.026562 0.044118
1 0.925521 0.196691 0.020833 0.022059
3 0.542969 0.320772 0.030729 0.082721
3 0.684115 0.315257 0.025521 0.040441
4 0.680729 0.349724 0.014583 0.028493
2 0.687500 0.369485 0.023958 0.047794
2 0.700781 0.356618 0.020313 0.045956
1 0.728125 0.353401 0.042708 0.057904
3 0.763021 0.359375 0.029167 0.134191
1 0.752083 0.373162 0.040625 0.047794
1 0.762240 0.318474 0.036979 0.052390
1 0.794271 0.340993 0.034375 0.047794
1 0.798698 0.297794 0.033854 0.053309
1 0.823958 0.310662 0.026042 0.044118
1 0.822135 0.274816 0.016146 0.031250
9 0.802344 0.256893 0.021354 0.063419
