1 0.778906 0.457261 0.063021 0.094669
1 0.907813 0.557904 0.091667 0.139706
9 0.767708 0.529871 0.044792 0.113051
3 0.726302 0.509651 0.047396 0.168199
6 0.666667 0.692555 0.175000 0.381434
0 0.344271 0.600643 0.100000 0.146140
1 0.108854 0.793199 0.112500 0.099265
3 0.405469 0.861673 0.060937 0.197610
3 0.480469 0.592831 0.068229 0.136029
3 0.542188 0.313419 0.033333 0.077206
5 0.267448 0.117647 0.530729 0.194853
5 0.955208 0.301930 0.089583 0.526654
5 0.923177 0.101562 0.153646 0.197610
5 0.666406 0.133272 0.207813 0.257353
7 0.650000 0.183364 0.082292 0.151654
3 0.654948 0.228401 0.035937 0.054228
1 0.052083 0.693015 0.084375 0.075368
1 0.045312 0.762868 0.079167 0.073529
1 0.128125 0.611673 0.052083 0.065257
1 0.134896 0.689338 0.085417 0.080882
5 0.082292 0.463235 0.160417 0.431985
6 0.112240 0.503676 0.082812 0.204044
1 0.164844 0.631434 0.071354 0.088235
1 0.211458 0.550551 0.060417 0.044118
0 0.236458 0.604320 0.118750 0.102022
3 0.307292 0.540441 0.036458 0.062500
3 0.275000 0.443474 0.036458 0.057904
2 0.276823 0.509191 0.036979 0.049632
1 0.453646 0.487132 0.064583 0.095588
1 0.448437 0.399816 0.045833 0.062500
1 0.528385 0.352941 0.051562 0.060662
3 0.399479 0.349265 0.021875 0.038603
4 0.405729 0.390625 0.018750 0.044118
1 0.448437 0.367188 0.043750 0.050551
1 0.356510 0.340074 0.041146 0.038603
1 0.312760 0.343290 0.031771 0.035846
1 0.377344 0.322151 0.033854 0.039522
1 0.396094 0.353401 0.035937 0.041360
9 0.371615 0.367188 0.026562 0.063419
1 0.267969 0.324908 0.024479 0.034007
1 0.303906 0.324449 0.031771 0.031250
1 0.314583 0.312960 0.029167 0.032169
1 0.240885 0.324449 0.024479 0.029412
1 0.251563 0.310202 0.019792 0.028493
1 0.221094 0.317555 0.024479 0.030331
1 0.227604 0.290441 0.022917 0.025735
1 0.188542 0.305147 0.026042 0.023897
6 0.165104 0.282629 0.079167 0.072610
1 0.913021 0.210938 0.021875 0.039522
1 0.685156 0.307904 0.021354 0.040441
4 0.680990 0.352941 0.017188 0.040441
2 0.688802 0.364430 0.021354 0.050551
2 0.701042 0.357077 0.023958 0.050551
3 0.767448 0.360754 0.026562 0.124081
1 0.731510 0.353401 0.038021 0.057904
1 0.754948 0.371783 0.044271 0.057904
1 0.767448 0.325827 0.038021 0.043199
1 0.794010 0.335938 0.033854 0.046875
1 0.800521 0.299173 0.030208 0.043199
1 0.821094 0.311121 0.025521 0.048713
6 0.853646 0.284007 0.085417 0.189338
6 0.461458 0.260570 0.067708 0.140625
1 0.818229 0.273897 0.021875 0.040441
