6 0.673958 0.707721 0.132292 0.340074
3 0.473177 0.590993 0.053646 0.136029
3 0.312500 0.554688 0.054167 0.120404
6 0.164323 0.281710 0.088021 0.072610
6 0.856250 0.283088 0.091667 0.211397
6 0.113021 0.503676 0.072917 0.204044
6 0.460156 0.260570 0.078646 0.127757
7 0.640885 0.184283 0.098437 0.144301
5 0.921615 0.252757 0.156771 0.500000
5 0.280208 0.119485 0.557292 0.207721
5 0.084635 0.430607 0.168229 0.355699
5 0.649740 0.141544 0.178646 0.277574
3 0.409635 0.852482 0.044271 0.186581
3 0.277604 0.437960 0.035417 0.061581
3 0.655729 0.223346 0.020833 0.044118
9 0.375781 0.369026 0.026562 0.074449
3 0.398958 0.352482 0.019792 0.032169
4 0.405469 0.392004 0.023438 0.045037
4 0.682813 0.347426 0.018750 0.034926
3 0.542188 0.316636 0.029167 0.070772
3 0.765104 0.358456 0.031250 0.147059
3 0.724219 0.512868 0.034896 0.134191
9 0.759896 0.525735 0.041667 0.097426
9 0.800781 0.255974 0.030729 0.065257
1 0.048177 0.693934 0.092188 0.069853
1 0.043490 0.760570 0.074479 0.078125
1 0.051823 0.823989 0.088021 0.068934
1 0.248958 0.696232 0.101042 0.109375
1 0.158594 0.621324 0.078646 0.077206
1 0.138542 0.687960 0.081250 0.085478
1 0.211198 0.556985 0.052604 0.042279
0 0.234375 0.595129 0.110417 0.100184
1 0.448958 0.491268 0.059375 0.096507
8 0.177865 0.364890 0.040104 0.055147
2 0.278906 0.512408 0.036979 0.065257
2 0.542969 0.587316 0.048438 0.084559
1 0.803385 0.694853 0.098437 0.123162
1 0.956250 0.823529 0.087500 0.170956
8 0.727865 0.630974 0.048438 0.102022
1 0.968490 0.556526 0.063021 0.118566
1 0.697396 0.428309 0.068750 0.075368
1 0.744531 0.468750 0.064062 0.071691
1 0.489583 0.375000 0.059375 0.056985
1 0.433854 0.357996 0.046875 0.050551
1 0.426042 0.329963 0.048958 0.038603
1 0.380990 0.339154 0.033854 0.042279
1 0.321354 0.332721 0.043750 0.049632
1 0.266927 0.319853 0.027604 0.040441
1 0.292187 0.299632 0.021875 0.025735
1 0.207552 0.304688 0.052604 0.057904
2 0.694271 0.361213 0.032292 0.040441
2 0.752865 0.393842 0.022396 0.050551
1 0.744271 0.360754 0.057292 0.067096
1 0.779948 0.335478 0.060937 0.060662
1 0.806510 0.306066 0.046354 0.055147
1 0.822396 0.277574 0.013542 0.038603
1 0.897396 0.250000 0.016667 0.029412
1 0.883073 0.264706 0.015104 0.029412
