6 0.666406 0.696691 0.124479 0.389706
6 0.168229 0.279871 0.070833 0.076287
6 0.117188 0.493566 0.079167 0.183824
5 0.274479 0.114890 0.547917 0.183824
5 0.653385 0.133272 0.176563 0.257353
5 0.926823 0.246324 0.146354 0.472426
5 0.091146 0.431985 0.181250 0.376838
7 0.644531 0.182904 0.084896 0.147059
6 0.458594 0.258272 0.088021 0.132353
6 0.854167 0.325827 0.070833 0.256434
3 0.482292 0.598346 0.039583 0.147059
3 0.410156 0.858915 0.061979 0.190257
3 0.311979 0.554688 0.047917 0.113051
3 0.278646 0.440717 0.033333 0.041360
3 0.400000 0.349265 0.023958 0.038603
3 0.541667 0.316176 0.025000 0.090074
3 0.686979 0.312500 0.035417 0.049632
9 0.372917 0.368107 0.026042 0.068934
4 0.403646 0.391544 0.022917 0.029412
4 0.682813 0.346048 0.020833 0.032169
4 0.801302 0.257353 0.031771 0.069853
3 0.764583 0.356618 0.034375 0.148897
3 0.653646 0.227941 0.020833 0.042279
3 0.725521 0.510570 0.035417 0.142463
9 0.761198 0.526654 0.030729 0.095588
1 0.050781 0.702665 0.085938 0.061581
1 0.051562 0.761029 0.091667 0.075368
1 0.152083 0.617647 0.078125 0.090074
1 0.136719 0.694393 0.102604 0.070772
1 0.209375 0.556526 0.053125 0.045037
0 0.237500 0.596507 0.105208 0.106618
1 0.250781 0.698529 0.098437 0.104779
2 0.273177 0.505974 0.032813 0.065257
1 0.660417 0.454504 0.073958 0.138787
1 0.828385 0.541820 0.085938 0.111213
1 0.801042 0.693015 0.101042 0.126838
1 0.926823 0.801471 0.092188 0.148897
2 0.755208 0.719669 0.048958 0.080882
8 0.723177 0.615809 0.036979 0.088235
2 0.545052 0.578585 0.055729 0.087316
1 0.441406 0.379136 0.054688 0.092831
1 0.340885 0.325827 0.043229 0.045037
1 0.357552 0.361213 0.036979 0.042279
1 0.294792 0.330423 0.043750 0.052390
1 0.240104 0.313419 0.043750 0.044118
1 0.199219 0.303768 0.039062 0.039522
2 0.693750 0.362132 0.033333 0.056985
1 0.740365 0.361673 0.060937 0.068934
2 0.750260 0.396140 0.031771 0.060662
1 0.775260 0.332261 0.068229 0.061581
1 0.809896 0.307445 0.044792 0.052390
1 0.885938 0.262408 0.018750 0.074449
1 0.819271 0.276195 0.016667 0.030331
1 0.648698 0.274357 0.045312 0.035846
