6 0.676823 0.705882 0.146354 0.443015
6 0.169010 0.266085 0.092188 0.094669
6 0.113542 0.487132 0.059375 0.185662
5 0.644792 0.140165 0.163542 0.269301
5 0.911198 0.242647 0.177604 0.481618
5 0.276562 0.104779 0.550000 0.178309
5 0.092708 0.400276 0.182292 0.298713
7 0.650781 0.187960 0.093229 0.164522
6 0.866667 0.290441 0.104167 0.215074
6 0.463542 0.251838 0.093750 0.123162
1 0.024479 0.637868 0.045833 0.060662
1 0.102083 0.706342 0.192708 0.166360
1 0.148698 0.609375 0.089063 0.091912
1 0.208333 0.551471 0.054167 0.045956
0 0.237760 0.597886 0.132812 0.118566
2 0.305208 0.496324 0.051042 0.056985
2 0.557813 0.607537 0.104167 0.136029
3 0.475781 0.589154 0.065104 0.158088
3 0.408333 0.858915 0.071875 0.168199
1 0.855469 0.727941 0.256771 0.363971
8 0.729167 0.626379 0.046875 0.087316
3 0.275781 0.439338 0.030729 0.040441
3 0.314323 0.548254 0.080729 0.094669
1 0.418229 0.358915 0.117708 0.098346
2 0.498177 0.347426 0.034896 0.060662
2 0.463802 0.414522 0.042188 0.062500
2 0.622656 0.443474 0.098437 0.136949
0 0.330208 0.330882 0.054167 0.073529
1 0.253906 0.324908 0.125521 0.094669
3 0.544531 0.320312 0.032813 0.085478
3 0.653385 0.220588 0.022396 0.044118
3 0.683333 0.311581 0.023958 0.034926
3 0.729688 0.512408 0.034375 0.133272
9 0.765625 0.527574 0.037500 0.091912
3 0.398698 0.342371 0.016146 0.026654
4 0.402865 0.391085 0.022396 0.041360
9 0.373437 0.369945 0.020833 0.068934
4 0.678646 0.349265 0.030208 0.031250
1 0.733594 0.347886 0.164062 0.138787
1 0.822396 0.295496 0.028125 0.068934
1 0.915625 0.217831 0.096875 0.139706
2 0.888021 0.319853 0.020833 0.056985
