6 0.669792 0.704044 0.128125 0.382353
3 0.413021 0.861673 0.058333 0.192096
3 0.477865 0.585938 0.043229 0.147978
1 0.092708 0.816636 0.110417 0.092831
1 0.311198 0.662684 0.102604 0.102941
1 0.051823 0.691636 0.083854 0.063419
1 0.137500 0.689798 0.087500 0.072610
1 0.044792 0.760570 0.084375 0.070772
1 0.130469 0.615349 0.052604 0.057904
1 0.166667 0.632812 0.073958 0.063419
0 0.239323 0.603860 0.117188 0.086397
1 0.209896 0.555607 0.062500 0.050551
6 0.111458 0.497243 0.066667 0.193015
5 0.080469 0.437960 0.159896 0.396140
6 0.173437 0.285386 0.093750 0.061581
5 0.280990 0.143382 0.557813 0.246324
3 0.277865 0.451746 0.038021 0.067096
2 0.278646 0.514246 0.032292 0.054228
3 0.313281 0.556985 0.034896 0.091912
1 0.454688 0.424173 0.048958 0.079963
1 0.592448 0.384191 0.055729 0.064338
1 0.811458 0.481618 0.067708 0.082721
1 0.706250 0.457261 0.063542 0.076287
3 0.726042 0.517463 0.037500 0.136029
9 0.760938 0.527114 0.030208 0.094669
1 0.983594 0.571232 0.032813 0.085478
6 0.850260 0.287224 0.069271 0.190257
7 0.648698 0.177849 0.067187 0.138787
3 0.655990 0.228401 0.027604 0.043199
5 0.954167 0.257812 0.091667 0.451287
5 0.659375 0.115809 0.189583 0.227941
5 0.919271 0.091452 0.161458 0.181066
2 0.689844 0.365349 0.024479 0.056066
2 0.701302 0.357537 0.018229 0.049632
4 0.682292 0.351103 0.018750 0.034926
3 0.687760 0.310662 0.026562 0.049632
3 0.764323 0.359375 0.025521 0.136029
1 0.755990 0.377298 0.042188 0.056066
1 0.730469 0.353401 0.044271 0.061581
1 0.796875 0.340533 0.037500 0.046875
1 0.764583 0.323529 0.032292 0.042279
1 0.801562 0.306066 0.034375 0.036765
1 0.827604 0.310662 0.029167 0.049632
3 0.403385 0.352022 0.023438 0.042279
4 0.405990 0.392004 0.017188 0.043199
1 0.461198 0.368107 0.046354 0.057904
1 0.492448 0.349724 0.047396 0.046875
3 0.541146 0.322151 0.030208 0.076287
6 0.454948 0.264706 0.054688 0.145221
0 0.340885 0.344210 0.046354 0.067096
1 0.385417 0.345129 0.042708 0.041360
1 0.404427 0.332721 0.036979 0.044118
1 0.301042 0.338235 0.028125 0.034926
1 0.328385 0.316636 0.027604 0.037684
1 0.255469 0.326287 0.023438 0.031250
1 0.295833 0.322151 0.028125 0.034007
1 0.281510 0.306985 0.020313 0.031250
1 0.254167 0.308364 0.026042 0.026654
1 0.227083 0.303309 0.018750 0.025735
