6 0.674740 0.706342 0.142187 0.372243
3 0.477083 0.595129 0.044792 0.149816
6 0.110156 0.494026 0.061979 0.197610
6 0.159896 0.289062 0.100000 0.065257
6 0.852083 0.276195 0.086458 0.195772
6 0.454167 0.252757 0.067708 0.128676
5 0.280990 0.136949 0.550521 0.213235
7 0.645573 0.182904 0.091146 0.165441
5 0.921094 0.223346 0.157812 0.444853
5 0.658333 0.149816 0.186458 0.297794
3 0.313021 0.566636 0.070833 0.129596
3 0.273958 0.437500 0.027083 0.055147
3 0.685417 0.311121 0.026042 0.045037
3 0.544792 0.315257 0.035417 0.091912
3 0.400000 0.353401 0.028125 0.048713
9 0.368750 0.375000 0.028125 0.064338
4 0.402865 0.389246 0.022396 0.039522
3 0.720052 0.511489 0.040104 0.122243
9 0.762500 0.524816 0.041667 0.113971
3 0.766146 0.366728 0.039583 0.158088
9 0.797917 0.260110 0.032292 0.077206
4 0.681771 0.352022 0.018750 0.029412
1 0.055990 0.694853 0.066146 0.082721
1 0.044792 0.761489 0.078125 0.076287
1 0.072917 0.825827 0.083333 0.067096
1 0.150000 0.623162 0.086458 0.071691
1 0.139844 0.689798 0.083854 0.087316
1 0.207292 0.553309 0.051042 0.049632
0 0.236458 0.598805 0.097917 0.113051
2 0.283073 0.511949 0.032813 0.062500
1 0.804167 0.705423 0.112500 0.120404
1 0.930469 0.792739 0.094271 0.131434
2 0.548698 0.591452 0.051562 0.076287
1 0.455208 0.444853 0.053125 0.084559
3 0.653646 0.226103 0.031250 0.051471
1 0.509375 0.390165 0.051042 0.076287
1 0.640104 0.443474 0.076042 0.092831
1 0.716406 0.421875 0.071354 0.077206
1 0.768750 0.487132 0.069792 0.090074
1 0.419531 0.378217 0.042188 0.054228
1 0.443229 0.344669 0.047917 0.045956
1 0.337240 0.343290 0.051562 0.068934
1 0.251302 0.309283 0.058854 0.061581
1 0.276562 0.339154 0.030208 0.034926
1 0.199219 0.302849 0.031771 0.043199
3 0.410677 0.840993 0.073438 0.198529
2 0.692708 0.359835 0.033333 0.057904
1 0.743490 0.364430 0.058854 0.063419
2 0.750781 0.392463 0.024479 0.051471
1 0.778125 0.336857 0.063542 0.072610
1 0.806771 0.312500 0.045833 0.051471
1 0.821354 0.274357 0.019792 0.039522
1 0.886719 0.256434 0.019271 0.047794
