6 0.662500 0.709559 0.163542 0.371324
1 0.398177 0.566176 0.074479 0.106618
3 0.477083 0.579044 0.048958 0.147059
3 0.408073 0.859375 0.063021 0.194853
3 0.726042 0.501838 0.040625 0.125000
5 0.278385 0.124540 0.544271 0.210478
5 0.079687 0.442096 0.158333 0.382353
6 0.113542 0.501838 0.081250 0.222426
1 0.192969 0.740349 0.094271 0.094669
0 0.025260 0.818015 0.049479 0.086397
0 0.238281 0.601103 0.115104 0.110294
1 0.056250 0.685662 0.083333 0.068015
1 0.132552 0.688879 0.089063 0.074449
1 0.051302 0.765625 0.094271 0.066176
1 0.132031 0.609375 0.047396 0.062500
1 0.162240 0.628217 0.067187 0.054228
1 0.209375 0.552390 0.064583 0.047794
6 0.850521 0.283088 0.091667 0.224265
5 0.651302 0.151195 0.177604 0.274816
5 0.950000 0.277574 0.100000 0.472426
5 0.920052 0.099265 0.159896 0.194853
7 0.650781 0.184283 0.098437 0.157169
3 0.651563 0.226103 0.029167 0.051471
6 0.169792 0.272059 0.085417 0.084559
6 0.454948 0.256893 0.076563 0.142463
1 0.495833 0.463695 0.048958 0.090993
3 0.310677 0.548713 0.053646 0.117647
3 0.276302 0.458180 0.034896 0.094669
2 0.277344 0.511949 0.036979 0.062500
3 0.538542 0.316636 0.034375 0.083640
3 0.685417 0.315257 0.029167 0.047794
3 0.401302 0.343750 0.023438 0.042279
4 0.405469 0.397059 0.027604 0.045956
1 0.502344 0.385570 0.052604 0.068934
1 0.525260 0.357077 0.054688 0.061581
8 0.332813 0.350643 0.033333 0.050551
1 0.415104 0.380055 0.039583 0.057904
9 0.372135 0.368566 0.025521 0.058824
1 0.370573 0.344669 0.036979 0.034926
1 0.355729 0.320312 0.037500 0.028493
1 0.313281 0.324449 0.032813 0.031250
1 0.289844 0.340074 0.028646 0.034926
1 0.275781 0.312500 0.024479 0.029412
1 0.259635 0.329044 0.029687 0.031250
1 0.235937 0.309743 0.022917 0.029412
1 0.232292 0.294118 0.019792 0.023897
1 0.209896 0.305147 0.018750 0.025735
1 0.417448 0.330882 0.034896 0.038603
1 0.799740 0.465533 0.068229 0.094669
9 0.765365 0.530331 0.033854 0.106618
9 0.803385 0.256434 0.025521 0.069853
4 0.680208 0.348346 0.016667 0.029412
2 0.686198 0.362592 0.020313 0.041360
2 0.700781 0.356158 0.023438 0.039522
1 0.732812 0.355699 0.041667 0.051471
1 0.752344 0.371783 0.044271 0.056066
1 0.765365 0.325827 0.030729 0.035846
1 0.792188 0.344210 0.035417 0.039522
1 0.801823 0.297794 0.029687 0.047794
1 0.822396 0.310662 0.020833 0.044118
1 0.822917 0.281250 0.019792 0.033088
1 0.900781 0.232537 0.029687 0.040441
1 0.938542 0.181526 0.022917 0.034007
