6 0.667448 0.710478 0.169271 0.356618
1 0.401302 0.611673 0.109896 0.131434
1 0.088802 0.819393 0.098437 0.098346
1 0.906510 0.511489 0.075521 0.107537
1 0.743750 0.481158 0.092708 0.092831
1 0.729948 0.433824 0.068229 0.071691
1 0.431250 0.508732 0.066667 0.096507
1 0.045573 0.756893 0.083854 0.078125
1 0.050000 0.698070 0.083333 0.068934
5 0.278906 0.115809 0.554688 0.189338
5 0.952083 0.274816 0.095833 0.485294
5 0.927083 0.111673 0.145833 0.221507
5 0.653125 0.132353 0.176042 0.255515
0 0.457292 0.406710 0.059375 0.094669
6 0.110417 0.505055 0.079167 0.212316
5 0.084896 0.434743 0.168750 0.386029
6 0.165625 0.278952 0.084375 0.092831
1 0.135417 0.685662 0.083333 0.082721
1 0.131250 0.608915 0.046875 0.057904
1 0.162240 0.628676 0.071354 0.060662
1 0.208333 0.556066 0.065625 0.051471
0 0.243750 0.605239 0.112500 0.111213
3 0.311979 0.554228 0.054167 0.117647
3 0.276562 0.438879 0.041667 0.067096
2 0.277344 0.510570 0.038021 0.054228
3 0.479167 0.599724 0.053125 0.159007
3 0.409375 0.855699 0.061458 0.227941
6 0.458594 0.255515 0.065104 0.139706
1 0.501042 0.376838 0.050000 0.068015
1 0.510417 0.350643 0.040625 0.048713
3 0.541406 0.326746 0.029687 0.074449
9 0.372656 0.367647 0.022396 0.069853
1 0.421094 0.383272 0.030729 0.047794
4 0.403385 0.392463 0.025521 0.042279
3 0.402083 0.350643 0.026042 0.046875
1 0.348438 0.363971 0.040625 0.040441
1 0.366406 0.343290 0.030729 0.043199
1 0.337240 0.338235 0.030729 0.042279
1 0.365104 0.314798 0.034375 0.035846
1 0.284375 0.301930 0.025000 0.035846
1 0.288281 0.321232 0.030729 0.034007
7 0.654167 0.187960 0.085417 0.151654
3 0.653646 0.221507 0.028125 0.047794
6 0.848698 0.282629 0.081771 0.206801
1 0.246875 0.328125 0.033333 0.038603
1 0.238802 0.304688 0.024479 0.032169
1 0.223698 0.316636 0.025521 0.026654
1 0.224740 0.291360 0.019271 0.022059
1 0.203125 0.310662 0.022917 0.029412
3 0.686198 0.312500 0.027604 0.036765
4 0.681771 0.351562 0.015625 0.037684
2 0.688802 0.366268 0.020313 0.043199
2 0.701302 0.358456 0.018229 0.038603
3 0.766406 0.361213 0.028646 0.139706
1 0.733333 0.352482 0.041667 0.061581
1 0.754427 0.369945 0.043229 0.059743
1 0.764844 0.325827 0.032813 0.039522
1 0.792708 0.343290 0.035417 0.046875
1 0.801562 0.300551 0.029167 0.040441
1 0.825260 0.311121 0.022396 0.041360
9 0.803646 0.259191 0.018750 0.062500
1 0.891667 0.244945 0.022917 0.032169
1 0.931510 0.188419 0.024479 0.033088
