6 0.667188 0.714614 0.137500 0.397978
6 0.168490 0.278952 0.071354 0.076287
6 0.108854 0.503217 0.062500 0.210478
6 0.853646 0.291360 0.068750 0.202206
7 0.646615 0.188419 0.085938 0.150735
6 0.460677 0.250000 0.063021 0.141544
5 0.277083 0.119485 0.548958 0.200368
5 0.084375 0.438879 0.164583 0.381434
5 0.922656 0.250919 0.154688 0.500000
5 0.657552 0.146599 0.176563 0.276654
3 0.309375 0.544118 0.043750 0.112132
3 0.472135 0.596048 0.048438 0.136949
3 0.414323 0.861673 0.050521 0.177390
3 0.274479 0.436121 0.037500 0.050551
3 0.543490 0.327206 0.042188 0.084559
3 0.402344 0.347426 0.032813 0.044118
9 0.372135 0.366268 0.023438 0.057904
4 0.404687 0.385110 0.025000 0.040441
3 0.728646 0.511029 0.041667 0.136029
9 0.765885 0.531710 0.026562 0.087316
3 0.689323 0.316176 0.033854 0.053309
4 0.681250 0.347426 0.021875 0.036765
3 0.763542 0.360294 0.042708 0.141544
3 0.651042 0.226562 0.027083 0.052390
9 0.801562 0.257353 0.022917 0.077206
1 0.052604 0.685662 0.075000 0.064338
1 0.043229 0.761489 0.081250 0.083640
1 0.152344 0.620404 0.091146 0.080882
1 0.135677 0.695312 0.078646 0.063419
1 0.139844 0.773897 0.095312 0.115809
1 0.321875 0.645680 0.114583 0.109375
2 0.277083 0.505974 0.032292 0.057904
2 0.550000 0.590993 0.051042 0.088235
8 0.187500 0.366268 0.033333 0.059743
1 0.801042 0.705882 0.102083 0.121324
1 0.961458 0.821232 0.077083 0.109375
2 0.727083 0.621783 0.038542 0.092831
1 0.456771 0.458640 0.058333 0.077206
1 0.933594 0.534467 0.075521 0.109375
1 0.681510 0.448529 0.070312 0.077206
1 0.646875 0.406710 0.064583 0.057904
1 0.460677 0.364890 0.045312 0.060662
1 0.368490 0.342371 0.036979 0.039522
1 0.411458 0.348346 0.037500 0.034926
1 0.379167 0.371783 0.037500 0.041360
1 0.397656 0.318015 0.038021 0.045956
1 0.312500 0.316176 0.035417 0.036765
1 0.305990 0.339614 0.030729 0.034007
1 0.256250 0.324449 0.025000 0.029412
1 0.195833 0.299632 0.036458 0.034926
1 0.265885 0.303768 0.035937 0.026654
2 0.695833 0.357077 0.032292 0.048713
2 0.750000 0.392923 0.021875 0.048713
1 0.742448 0.363051 0.060937 0.064338
1 0.780208 0.333180 0.064583 0.056066
1 0.806771 0.306526 0.040625 0.050551
1 0.819531 0.278033 0.014063 0.024816
1 0.900000 0.248162 0.020833 0.038603
1 0.880990 0.268382 0.008854 0.034926
