6 0.673958 0.698070 0.135417 0.385110
6 0.117448 0.498621 0.069271 0.197610
6 0.171875 0.274816 0.080208 0.062500
7 0.648958 0.193015 0.090625 0.167279
5 0.271354 0.124081 0.535417 0.205882
5 0.084635 0.432904 0.168229 0.363971
5 0.926042 0.242647 0.147917 0.483456
6 0.853385 0.291360 0.077604 0.202206
6 0.462240 0.258732 0.082812 0.153493
5 0.659635 0.150735 0.177604 0.277574
3 0.474479 0.582261 0.043750 0.160846
3 0.409375 0.858456 0.047917 0.170956
3 0.313802 0.557904 0.059896 0.117647
3 0.275521 0.438419 0.031250 0.051471
3 0.401042 0.349724 0.031250 0.046875
9 0.373958 0.374540 0.028125 0.054228
4 0.405469 0.386489 0.019271 0.041360
3 0.686198 0.313419 0.030729 0.051471
3 0.543490 0.322610 0.028646 0.095588
4 0.682031 0.353860 0.022396 0.036765
3 0.772656 0.367647 0.050521 0.158088
3 0.726823 0.511489 0.033854 0.144301
9 0.764844 0.534926 0.042188 0.117647
9 0.802083 0.260110 0.019792 0.073529
1 0.057292 0.681985 0.069792 0.080882
1 0.040885 0.755974 0.069271 0.074449
1 0.155729 0.616728 0.081250 0.077206
1 0.134635 0.683824 0.089063 0.077206
1 0.209896 0.553309 0.050000 0.056985
0 0.238802 0.607537 0.110937 0.113971
1 0.120833 0.818934 0.137500 0.095588
1 0.473958 0.396599 0.071875 0.105699
2 0.280729 0.504596 0.037500 0.066176
2 0.544271 0.587776 0.050000 0.098346
1 0.928125 0.789522 0.098958 0.132353
1 0.807031 0.703585 0.102604 0.140625
1 0.776042 0.493107 0.088542 0.166360
1 0.959375 0.652114 0.081250 0.162684
8 0.727344 0.616268 0.050521 0.118566
1 0.351302 0.336397 0.099479 0.066176
1 0.391667 0.371324 0.033333 0.047794
1 0.264062 0.315717 0.059375 0.056066
1 0.205208 0.302390 0.053125 0.049632
2 0.697917 0.363051 0.036458 0.058824
2 0.750781 0.395680 0.032813 0.059743
1 0.743490 0.366728 0.067187 0.066176
1 0.776302 0.333180 0.060937 0.052390
1 0.809115 0.310662 0.045312 0.066176
1 0.888021 0.264706 0.028125 0.056985
1 0.821615 0.278493 0.019271 0.031250
1 0.719010 0.272978 0.045312 0.045956
3 0.653125 0.223805 0.021875 0.032169
