6 0.674219 0.702206 0.155729 0.382353
1 0.413021 0.538143 0.083333 0.103860
1 0.136719 0.693015 0.084896 0.073529
1 0.456510 0.430147 0.045312 0.077206
1 0.551302 0.370864 0.046354 0.061581
1 0.648958 0.443474 0.058333 0.081801
1 0.677604 0.414062 0.065625 0.081801
1 0.043490 0.761949 0.077604 0.071691
1 0.052604 0.696691 0.084375 0.066176
5 0.042188 0.395680 0.083333 0.313419
5 0.186198 0.160846 0.371354 0.137868
3 0.313021 0.557904 0.046875 0.104779
3 0.279687 0.458180 0.036458 0.083640
1 0.139323 0.609835 0.063021 0.057904
1 0.165625 0.631434 0.073958 0.060662
1 0.207292 0.553768 0.069792 0.041360
0 0.236719 0.605699 0.108854 0.093750
2 0.263802 0.517004 0.034896 0.043199
1 0.380469 0.363971 0.035937 0.053309
2 0.402344 0.347426 0.018229 0.038603
1 0.472917 0.375460 0.043750 0.052390
3 0.477865 0.596967 0.035937 0.149816
1 0.848958 0.485754 0.072917 0.094669
3 0.727344 0.501838 0.028646 0.106618
6 0.762240 0.526195 0.027604 0.092831
6 0.852083 0.281710 0.068750 0.186581
2 0.688802 0.363511 0.023438 0.045037
2 0.707292 0.352941 0.018750 0.042279
3 0.687500 0.314798 0.020833 0.035846
4 0.681510 0.348805 0.014063 0.030331
3 0.765104 0.353401 0.030208 0.136949
1 0.732031 0.358456 0.043229 0.055147
3 0.541146 0.320312 0.022917 0.076287
1 0.441406 0.342831 0.041146 0.042279
1 0.353385 0.340074 0.031771 0.040441
1 0.323437 0.351103 0.036458 0.045956
1 0.382812 0.328125 0.032292 0.038603
1 0.322135 0.315717 0.028646 0.030331
0 0.286979 0.328585 0.034375 0.050551
1 0.304688 0.321232 0.020833 0.032169
5 0.471094 0.096967 0.264062 0.181066
5 0.956771 0.278493 0.086458 0.468750
5 0.889583 0.089614 0.097917 0.177390
3 0.654687 0.222426 0.022917 0.040441
7 0.647656 0.179688 0.053646 0.127757
1 0.959375 0.651654 0.081250 0.139706
8 0.974219 0.598346 0.051562 0.106618
6 0.458594 0.262868 0.068229 0.130515
5 0.969531 0.040441 0.060937 0.075368
