6 0.673698 0.710938 0.156771 0.390625
1 0.417448 0.528033 0.080729 0.116728
3 0.477083 0.592371 0.046875 0.149816
3 0.400000 0.851562 0.066667 0.190257
1 0.056250 0.695312 0.072917 0.057904
1 0.138021 0.695312 0.079167 0.070772
1 0.052083 0.767004 0.075000 0.072610
1 0.127344 0.613971 0.058854 0.058824
1 0.165104 0.626838 0.072917 0.064338
1 0.211719 0.556066 0.056771 0.036765
0 0.233854 0.602941 0.107292 0.097426
3 0.312500 0.553768 0.038542 0.116728
2 0.277604 0.509651 0.031250 0.046875
3 0.277604 0.459099 0.029167 0.078125
6 0.114323 0.496783 0.055729 0.201287
5 0.080990 0.454963 0.160938 0.413603
5 0.280990 0.124081 0.558854 0.231618
6 0.172656 0.286765 0.077604 0.069853
1 0.519792 0.420037 0.047917 0.073529
1 0.604688 0.391085 0.061458 0.078125
1 0.444792 0.400276 0.041667 0.059743
1 0.468229 0.373621 0.050000 0.054228
1 0.496875 0.353401 0.041667 0.056066
6 0.458073 0.264706 0.058854 0.147059
3 0.401042 0.354779 0.028125 0.042279
4 0.406771 0.392923 0.026042 0.045037
3 0.725260 0.518842 0.030729 0.144301
9 0.760417 0.520680 0.035417 0.098346
1 0.924219 0.570772 0.090104 0.123162
5 0.945312 0.313879 0.109375 0.506434
6 0.851302 0.277574 0.080729 0.211397
7 0.648698 0.183824 0.088021 0.158088
3 0.654687 0.228860 0.028125 0.047794
5 0.636979 0.145221 0.150000 0.284926
5 0.921094 0.091452 0.154688 0.181066
1 0.749740 0.444853 0.070312 0.073529
3 0.539844 0.321691 0.034896 0.086397
3 0.766146 0.357537 0.021875 0.126838
3 0.687760 0.316636 0.024479 0.039522
4 0.683333 0.351103 0.011458 0.029412
2 0.684115 0.363051 0.025521 0.047794
2 0.702083 0.358456 0.019792 0.042279
1 0.732292 0.356618 0.041667 0.053309
1 0.755469 0.371783 0.041146 0.054228
1 0.763542 0.325827 0.036458 0.039522
1 0.794271 0.341912 0.038542 0.044118
1 0.798177 0.302390 0.032813 0.040441
1 0.823177 0.313879 0.024479 0.039522
9 0.802344 0.256893 0.026562 0.070772
1 0.337240 0.352941 0.032813 0.036765
1 0.347135 0.331342 0.036979 0.041360
1 0.376302 0.323989 0.028646 0.032169
0 0.390365 0.360294 0.046354 0.066176
1 0.308333 0.318934 0.027083 0.029412
1 0.287760 0.337316 0.026562 0.031250
1 0.278125 0.318934 0.021875 0.029412
1 0.284896 0.302849 0.025000 0.024816
