6 0.660937 0.669577 0.141667 0.372243
3 0.309375 0.550092 0.047917 0.102022
6 0.108594 0.498162 0.061979 0.196691
6 0.165885 0.285386 0.089063 0.081801
5 0.285417 0.125000 0.551042 0.193015
5 0.079167 0.421415 0.157292 0.361213
5 0.924219 0.252757 0.151562 0.492647
6 0.853906 0.295496 0.107813 0.227022
6 0.461198 0.255974 0.069271 0.124081
5 0.653385 0.145221 0.168229 0.277574
7 0.653125 0.185202 0.072917 0.133272
3 0.476042 0.593290 0.047917 0.160846
3 0.408333 0.856618 0.080208 0.200368
3 0.275000 0.442555 0.029167 0.050551
3 0.399219 0.344669 0.022396 0.036765
3 0.719010 0.509191 0.042188 0.117647
3 0.765885 0.348346 0.035937 0.132353
3 0.541406 0.320772 0.032813 0.088235
4 0.406510 0.391544 0.020313 0.049632
9 0.379948 0.368107 0.030729 0.070772
9 0.762500 0.523438 0.036458 0.096507
3 0.683333 0.306526 0.023958 0.043199
4 0.683073 0.345588 0.024479 0.033088
9 0.802344 0.254596 0.020313 0.069853
1 0.054688 0.691176 0.075000 0.069853
1 0.045052 0.758272 0.076563 0.069853
1 0.151302 0.621324 0.090104 0.068015
1 0.074219 0.819853 0.089063 0.093750
1 0.145052 0.690717 0.080729 0.068934
1 0.211458 0.551930 0.055208 0.046875
1 0.379167 0.585478 0.082292 0.106618
0 0.236719 0.607537 0.105729 0.095588
8 0.162760 0.349265 0.025521 0.047794
1 0.941146 0.812960 0.106250 0.136949
2 0.541927 0.590074 0.049479 0.104779
1 0.802083 0.707721 0.108333 0.134191
8 0.730208 0.622702 0.048958 0.116728
1 0.557552 0.403952 0.059896 0.063419
1 0.821615 0.480239 0.071354 0.087316
1 0.894531 0.554228 0.070312 0.093750
1 0.485938 0.379596 0.052083 0.060662
1 0.432292 0.387408 0.042708 0.057904
1 0.501823 0.344210 0.049479 0.057904
1 0.354687 0.346967 0.047917 0.070772
1 0.411979 0.346507 0.035417 0.042279
1 0.220833 0.312500 0.057292 0.055147
1 0.285938 0.324908 0.035417 0.056066
1 0.321354 0.307445 0.027083 0.032169
2 0.694531 0.359835 0.035937 0.056066
1 0.740625 0.358456 0.063542 0.060662
2 0.747396 0.394301 0.029167 0.058824
1 0.778646 0.332721 0.063542 0.058824
1 0.810937 0.305147 0.046875 0.045956
1 0.825521 0.278033 0.018750 0.043199
1 0.891146 0.263327 0.028125 0.048713
