6 0.669792 0.693015 0.122917 0.367647
6 0.165104 0.280331 0.091667 0.062500
6 0.111979 0.497702 0.075000 0.199449
6 0.463021 0.259191 0.072917 0.148897
6 0.855208 0.279871 0.078125 0.188419
5 0.661458 0.137868 0.176042 0.273897
5 0.922917 0.267463 0.154167 0.529412
5 0.280208 0.108456 0.556250 0.170956
5 0.085677 0.412684 0.166146 0.360294
3 0.314844 0.554688 0.058854 0.122243
3 0.272135 0.438419 0.030729 0.040441
3 0.478385 0.586857 0.040104 0.146140
7 0.645052 0.186581 0.101562 0.158088
3 0.414062 0.861673 0.064583 0.197610
3 0.401823 0.352022 0.020313 0.044118
3 0.729948 0.510570 0.039062 0.122243
9 0.371615 0.373162 0.023438 0.060662
4 0.410156 0.390625 0.021354 0.036765
4 0.677083 0.345588 0.026042 0.034926
3 0.547656 0.323989 0.036979 0.090993
3 0.647656 0.230699 0.025521 0.036765
3 0.685156 0.311581 0.025521 0.036765
9 0.803646 0.260570 0.029167 0.078125
3 0.760417 0.352941 0.044792 0.134191
9 0.762240 0.528952 0.036979 0.083640
1 0.056771 0.667279 0.083333 0.088235
1 0.145833 0.614890 0.088542 0.080882
1 0.041927 0.758272 0.074479 0.077206
1 0.132552 0.688419 0.093229 0.080882
2 0.276302 0.511029 0.035937 0.049632
1 0.206510 0.557904 0.063021 0.044118
1 0.350781 0.610754 0.080729 0.100184
0 0.239844 0.602482 0.108854 0.113051
1 0.460938 0.465533 0.052083 0.087316
1 0.491927 0.392004 0.049479 0.081801
1 0.609115 0.420496 0.076563 0.079963
2 0.555208 0.604779 0.096875 0.141544
1 0.876302 0.738511 0.247396 0.326287
8 0.733333 0.630974 0.051042 0.125919
1 0.434115 0.369026 0.076563 0.074449
0 0.361719 0.340074 0.073438 0.086397
1 0.305469 0.312040 0.065104 0.046875
1 0.231510 0.308824 0.061979 0.062500
1 0.188021 0.413143 0.040625 0.043199
1 0.608073 0.283088 0.040104 0.040441
8 0.749219 0.448529 0.086979 0.097426
2 0.696094 0.364430 0.036979 0.056066
1 0.742708 0.360294 0.062500 0.058824
2 0.747396 0.391085 0.032292 0.052390
1 0.776042 0.331801 0.058333 0.066176
1 0.814063 0.295956 0.058333 0.066176
1 0.894271 0.202665 0.029167 0.034007
1 0.889844 0.257353 0.023438 0.047794
