6 0.669792 0.709099 0.160417 0.377757
3 0.475000 0.598805 0.046875 0.157169
3 0.402865 0.859835 0.073438 0.173713
3 0.316146 0.558824 0.054167 0.119485
3 0.272135 0.442096 0.031771 0.047794
3 0.723958 0.515165 0.040625 0.159007
3 0.539844 0.321232 0.029687 0.074449
3 0.651302 0.228401 0.027604 0.048713
3 0.686458 0.313419 0.022917 0.044118
6 0.107813 0.491728 0.072917 0.202206
6 0.167708 0.273897 0.082292 0.079044
6 0.854427 0.293199 0.086979 0.242647
6 0.461458 0.265625 0.072917 0.147059
7 0.654167 0.199449 0.092708 0.161765
5 0.283594 0.112592 0.566146 0.175551
5 0.082292 0.426471 0.163542 0.349265
5 0.958333 0.271599 0.083333 0.489890
5 0.920833 0.106618 0.158333 0.200368
5 0.673438 0.149816 0.225000 0.297794
3 0.765365 0.367188 0.044271 0.159007
9 0.802083 0.254136 0.030208 0.070772
9 0.372135 0.365809 0.031771 0.075368
4 0.404687 0.386029 0.014583 0.034926
3 0.402083 0.348805 0.026042 0.039522
1 0.233073 0.714154 0.107813 0.128676
1 0.425781 0.568934 0.080729 0.117647
1 0.053646 0.693015 0.087500 0.082721
1 0.139844 0.692555 0.082812 0.089154
1 0.044792 0.756893 0.080208 0.083640
1 0.132552 0.605699 0.040104 0.073529
1 0.163542 0.633272 0.069792 0.073529
1 0.208333 0.556066 0.048958 0.033088
0 0.235417 0.611213 0.103125 0.113971
1 0.634896 0.437960 0.075000 0.070772
1 0.983333 0.564338 0.033333 0.093750
1 0.638542 0.394761 0.064583 0.065257
1 0.434115 0.392463 0.035937 0.058824
1 0.467969 0.374540 0.048438 0.063419
1 0.493229 0.352941 0.045833 0.045956
8 0.386458 0.364430 0.040625 0.046875
1 0.412760 0.350184 0.034896 0.040441
1 0.413542 0.330882 0.042708 0.042279
1 0.326562 0.348805 0.032292 0.034007
1 0.350781 0.336397 0.030729 0.029412
1 0.313281 0.324449 0.029687 0.033088
1 0.288021 0.334559 0.031250 0.031250
1 0.327604 0.311121 0.025000 0.030331
1 0.263802 0.315717 0.023438 0.028493
1 0.240885 0.321232 0.022396 0.022978
1 0.229687 0.306066 0.019792 0.022059
1 0.214844 0.314798 0.019271 0.019301
1 0.197917 0.307904 0.015625 0.023897
1 0.180469 0.297335 0.016146 0.021140
2 0.686979 0.365809 0.017708 0.040441
4 0.682292 0.350184 0.012500 0.027574
2 0.700260 0.354779 0.017188 0.034926
1 0.730729 0.356158 0.041667 0.056066
1 0.754167 0.377757 0.039583 0.047794
1 0.766667 0.326746 0.034375 0.041360
1 0.793490 0.341912 0.034896 0.040441
1 0.802604 0.305147 0.029167 0.044118
1 0.821354 0.310202 0.020833 0.045037
1 0.888281 0.252298 0.021354 0.041360
1 0.927865 0.191176 0.022396 0.038603
