6 0.676823 0.706801 0.153646 0.367647
6 0.109896 0.497702 0.066667 0.192096
6 0.176563 0.271599 0.068750 0.098346
5 0.280208 0.108915 0.556250 0.160846
5 0.083333 0.426471 0.165625 0.373162
5 0.659115 0.130515 0.173437 0.255515
5 0.927865 0.258272 0.144271 0.514706
6 0.465104 0.262408 0.077083 0.133272
6 0.858073 0.284007 0.095312 0.205882
7 0.646875 0.186581 0.102083 0.147059
3 0.276042 0.437040 0.032292 0.063419
3 0.317448 0.554688 0.051562 0.114890
3 0.480208 0.594210 0.042708 0.155331
3 0.409896 0.854779 0.062500 0.152574
3 0.402344 0.350643 0.020313 0.059743
3 0.540365 0.321232 0.030729 0.081801
3 0.657031 0.231158 0.027604 0.041360
3 0.721615 0.505055 0.040104 0.131434
9 0.766667 0.533548 0.040625 0.092831
9 0.373437 0.373162 0.029167 0.066176
4 0.406250 0.386029 0.017708 0.045956
3 0.683333 0.312500 0.029167 0.038603
4 0.681250 0.350184 0.020833 0.029412
3 0.765104 0.363051 0.027083 0.150735
9 0.804427 0.260570 0.021354 0.070772
1 0.059375 0.675092 0.084375 0.072610
1 0.046094 0.760110 0.079687 0.066176
1 0.156250 0.620404 0.105208 0.058824
1 0.136979 0.692096 0.097917 0.069853
1 0.213542 0.552390 0.067708 0.047794
1 0.284896 0.676011 0.108333 0.105699
2 0.272396 0.509651 0.039583 0.045037
0 0.233073 0.606618 0.104688 0.093750
1 0.462240 0.505055 0.091146 0.146140
1 0.608854 0.422794 0.075000 0.069853
1 0.182031 0.362592 0.035937 0.052390
2 0.558333 0.606158 0.119792 0.127757
1 0.859115 0.713235 0.251563 0.312500
8 0.727865 0.623621 0.047396 0.138787
1 0.837760 0.522518 0.092188 0.100184
0 0.453125 0.365809 0.071875 0.101103
1 0.492708 0.345588 0.048958 0.055147
1 0.373177 0.345129 0.054688 0.076287
1 0.315365 0.325368 0.053646 0.062500
1 0.251823 0.312500 0.048438 0.055147
1 0.234896 0.300551 0.035417 0.031250
2 0.694531 0.363511 0.030729 0.046875
2 0.752344 0.395680 0.026562 0.052390
1 0.741927 0.358915 0.064062 0.070772
1 0.789583 0.319393 0.079167 0.068934
1 0.887240 0.256434 0.030729 0.055147
1 0.820573 0.277114 0.015104 0.034007
1 0.776302 0.258272 0.040104 0.045956
1 0.926302 0.197610 0.053646 0.073529
