6 0.668229 0.703125 0.166667 0.389706
6 0.109896 0.500460 0.079167 0.188419
6 0.172917 0.287224 0.073958 0.090993
5 0.645312 0.138787 0.154167 0.268382
5 0.921094 0.243107 0.157812 0.480699
6 0.858333 0.288603 0.087500 0.193015
6 0.461458 0.248162 0.081250 0.125000
7 0.646615 0.170956 0.090104 0.163603
5 0.281510 0.119485 0.561979 0.191176
5 0.080729 0.424632 0.156250 0.340074
3 0.313542 0.556526 0.060417 0.109375
3 0.474219 0.591912 0.043229 0.137868
3 0.405208 0.840993 0.052083 0.205882
3 0.275260 0.437500 0.053646 0.062500
3 0.729948 0.511949 0.040104 0.136029
9 0.375000 0.369945 0.025000 0.072610
4 0.405469 0.388327 0.027604 0.043199
4 0.680990 0.353401 0.028646 0.046875
3 0.540365 0.327206 0.030729 0.086397
3 0.684896 0.306526 0.022917 0.043199
3 0.653125 0.226562 0.030208 0.045037
3 0.766927 0.369485 0.033854 0.148897
9 0.802865 0.253217 0.022396 0.078125
1 0.057292 0.663143 0.071875 0.103860
1 0.155729 0.619026 0.089583 0.079963
1 0.046354 0.761029 0.085417 0.099265
1 0.137760 0.692096 0.070312 0.084559
1 0.189062 0.737132 0.106250 0.132353
1 0.211458 0.552390 0.055208 0.044118
0 0.242188 0.597426 0.108333 0.117647
2 0.304948 0.493107 0.034896 0.048713
2 0.550521 0.613971 0.106250 0.115809
1 0.868229 0.735754 0.225000 0.289522
1 0.747656 0.583640 0.079687 0.095588
8 0.729167 0.637868 0.054167 0.095588
9 0.763542 0.530790 0.036458 0.103860
2 0.654948 0.373162 0.031771 0.060662
1 0.406510 0.365809 0.123438 0.102941
2 0.397135 0.323070 0.066146 0.032169
0 0.309896 0.335938 0.044792 0.079963
1 0.335938 0.330882 0.023958 0.053309
1 0.238021 0.312500 0.066667 0.062500
0 0.188021 0.303309 0.026042 0.031250
2 0.749479 0.397978 0.029167 0.045956
1 0.754427 0.348805 0.105729 0.094669
1 0.809115 0.295956 0.054688 0.068015
2 0.756250 0.266544 0.027083 0.033088
1 0.891927 0.241268 0.035937 0.061581
1 0.917969 0.181985 0.018229 0.036765
