1 0.106250 0.713695 0.193750 0.179228
1 0.154427 0.615349 0.089063 0.087316
1 0.204167 0.553309 0.065625 0.053309
1 0.052344 0.596507 0.072396 0.088235
0 0.235417 0.602941 0.118750 0.126838
2 0.302344 0.494485 0.052604 0.045956
2 0.553906 0.515625 0.148438 0.297794
2 0.414583 0.419118 0.055208 0.034926
2 0.501302 0.346967 0.029687 0.052390
1 0.854948 0.716912 0.245312 0.327206
8 0.729688 0.630515 0.035417 0.093750
1 0.700260 0.386949 0.131771 0.121324
1 0.776563 0.308364 0.129167 0.127757
1 0.911979 0.207261 0.100000 0.146140
1 0.416146 0.358456 0.127083 0.102941
0 0.332292 0.339154 0.067708 0.099265
1 0.279427 0.320772 0.084896 0.088235
0 0.212500 0.301930 0.039583 0.048713
6 0.690625 0.693934 0.133333 0.419118
5 0.281771 0.099265 0.558333 0.170956
5 0.656510 0.144301 0.190104 0.279412
5 0.916927 0.260570 0.166146 0.517463
5 0.092188 0.425092 0.181250 0.381434
6 0.122917 0.484835 0.086458 0.186581
6 0.454167 0.251838 0.067708 0.134191
6 0.850521 0.274816 0.077083 0.187500
2 0.896094 0.323529 0.030729 0.064338
7 0.645833 0.180147 0.092708 0.170956
6 0.172135 0.290441 0.088021 0.075368
3 0.469010 0.596967 0.052604 0.160846
3 0.415625 0.869485 0.079167 0.170956
3 0.278646 0.441636 0.027083 0.041360
3 0.316406 0.560662 0.068229 0.115809
3 0.400000 0.340533 0.027083 0.043199
9 0.372396 0.375000 0.025000 0.056985
4 0.404948 0.389246 0.025521 0.039522
3 0.541146 0.321691 0.035417 0.088235
3 0.648177 0.232996 0.023438 0.037684
3 0.723177 0.511029 0.040104 0.143382
9 0.763281 0.530790 0.036979 0.102022
3 0.770312 0.362592 0.031250 0.140625
9 0.804167 0.259191 0.028125 0.075368
3 0.689844 0.312960 0.031771 0.046875
4 0.682292 0.348346 0.025000 0.036765
