0 0.127604 0.760110 0.108333 0.154412
6 0.684375 0.697610 0.139583 0.382353
3 0.476823 0.577665 0.057813 0.159007
3 0.413542 0.846507 0.068750 0.191176
5 0.281510 0.110754 0.558854 0.193934
5 0.092708 0.444393 0.182292 0.416360
5 0.960677 0.295037 0.078646 0.500000
5 0.926042 0.120864 0.147917 0.230699
5 0.644271 0.142923 0.168750 0.282169
7 0.642708 0.187500 0.080208 0.141544
3 0.650000 0.227941 0.045833 0.056985
3 0.283333 0.451746 0.036458 0.085478
3 0.312240 0.549173 0.042188 0.102022
6 0.169792 0.278033 0.077083 0.072610
6 0.112240 0.503676 0.066146 0.211397
6 0.855469 0.298713 0.093229 0.205882
6 0.463802 0.258272 0.081771 0.143382
4 0.408854 0.390165 0.022917 0.039522
4 0.683333 0.357077 0.019792 0.041360
3 0.685677 0.309743 0.033854 0.040441
3 0.544792 0.323529 0.032292 0.086397
3 0.759375 0.363971 0.027083 0.156250
3 0.725521 0.507353 0.039583 0.130515
9 0.801302 0.261949 0.027604 0.080882
9 0.377865 0.375000 0.034896 0.084559
3 0.402344 0.342831 0.024479 0.044118
9 0.764323 0.533548 0.032813 0.100184
1 0.305469 0.648897 0.094271 0.097426
1 0.055469 0.693015 0.085938 0.066176
1 0.045833 0.761029 0.076042 0.068015
1 0.131510 0.608456 0.049479 0.064338
1 0.134115 0.680607 0.072396 0.046875
1 0.160417 0.621783 0.067708 0.068934
1 0.209896 0.553768 0.052083 0.043199
0 0.234375 0.602941 0.117708 0.093750
2 0.276042 0.511029 0.039583 0.053309
1 0.444271 0.479320 0.050000 0.094669
1 0.500781 0.413603 0.042188 0.073529
1 0.682031 0.417279 0.068229 0.082721
1 0.980729 0.570772 0.038542 0.056985
1 0.451042 0.363971 0.045833 0.055147
1 0.469792 0.339614 0.054167 0.046875
1 0.375000 0.368566 0.039583 0.045956
8 0.306250 0.340074 0.041667 0.051471
1 0.351562 0.340993 0.032292 0.045956
1 0.384635 0.324908 0.042188 0.043199
1 0.398958 0.347426 0.037500 0.036765
1 0.246094 0.323529 0.028646 0.038603
1 0.268490 0.335478 0.029687 0.031250
1 0.323437 0.312040 0.036458 0.034007
1 0.286458 0.315257 0.029167 0.027574
1 0.254688 0.305607 0.030208 0.024816
1 0.219792 0.304688 0.019792 0.024816
1 0.200781 0.301471 0.023438 0.023897
1 0.185156 0.309283 0.018229 0.021140
1 0.728646 0.350643 0.038542 0.061581
2 0.690625 0.363051 0.023958 0.055147
2 0.700781 0.357996 0.019271 0.041360
1 0.755208 0.372702 0.033333 0.057904
1 0.792708 0.340993 0.034375 0.047794
1 0.765104 0.323989 0.036458 0.048713
1 0.801042 0.301471 0.029167 0.051471
1 0.823177 0.309743 0.019271 0.042279
1 0.823958 0.278493 0.016667 0.031250
1 0.944271 0.172335 0.027083 0.045037
1 0.903125 0.233915 0.025000 0.037684
