6 0.669792 0.688419 0.131250 0.389706
5 0.276042 0.104779 0.548958 0.163603
5 0.658333 0.148897 0.179167 0.294118
5 0.086979 0.424173 0.170833 0.359375
5 0.917708 0.261029 0.164583 0.518382
6 0.103125 0.499081 0.089583 0.198529
6 0.172396 0.282169 0.093750 0.066176
7 0.650000 0.179228 0.090625 0.172794
6 0.856250 0.289982 0.084375 0.203125
6 0.452604 0.253217 0.081250 0.136949
3 0.277344 0.433824 0.033854 0.053309
3 0.309635 0.545956 0.048438 0.093750
3 0.411979 0.851562 0.062500 0.155331
3 0.469531 0.593750 0.056771 0.134191
3 0.725000 0.511949 0.044792 0.125000
2 0.557813 0.610294 0.093750 0.128676
1 0.056250 0.675551 0.086458 0.099265
1 0.152344 0.618107 0.096354 0.083640
1 0.051042 0.776654 0.097917 0.084559
1 0.134375 0.688419 0.080208 0.080882
1 0.291146 0.665441 0.081250 0.097426
1 0.207031 0.553768 0.056771 0.037684
1 0.192448 0.396599 0.048438 0.056066
1 0.444792 0.493107 0.069792 0.092831
0 0.243229 0.592371 0.122917 0.100184
2 0.278646 0.515165 0.033333 0.048713
1 0.881510 0.721967 0.236979 0.271140
8 0.733073 0.633272 0.057813 0.143382
3 0.397135 0.352482 0.026562 0.046875
4 0.407292 0.393842 0.022917 0.039522
9 0.368750 0.360754 0.029167 0.068934
9 0.763021 0.537684 0.035417 0.099265
3 0.546615 0.323529 0.040104 0.099265
3 0.652083 0.230699 0.021875 0.040441
3 0.683594 0.306985 0.032813 0.038603
4 0.683333 0.344210 0.019792 0.035846
3 0.768490 0.366268 0.033854 0.153493
9 0.799479 0.254596 0.029167 0.091912
1 0.470052 0.397059 0.097396 0.119485
1 0.642708 0.431066 0.077083 0.102941
8 0.801302 0.475184 0.076563 0.110294
0 0.379948 0.349265 0.081771 0.101103
1 0.322396 0.325827 0.068750 0.089154
1 0.223958 0.308364 0.106250 0.076287
1 0.645833 0.275735 0.046875 0.049632
2 0.695833 0.359835 0.030208 0.068934
2 0.750000 0.392923 0.025000 0.054228
1 0.745052 0.354779 0.064062 0.066176
1 0.772396 0.325368 0.068750 0.064338
1 0.810156 0.300092 0.049479 0.081801
1 0.893490 0.267463 0.032813 0.077206
1 0.913542 0.196691 0.047917 0.053309
