6 0.669792 0.706801 0.151042 0.408088
6 0.115104 0.494026 0.085417 0.219669
6 0.169010 0.281710 0.088021 0.081801
5 0.283073 0.109835 0.549479 0.171875
5 0.086719 0.429228 0.172396 0.345588
5 0.643229 0.135570 0.160417 0.267463
5 0.922135 0.251379 0.155729 0.493566
6 0.457031 0.246324 0.073438 0.119485
6 0.855208 0.287224 0.097917 0.201287
3 0.311719 0.532629 0.051562 0.120404
3 0.275781 0.439338 0.040104 0.082721
3 0.475000 0.586397 0.037500 0.148897
3 0.404948 0.850643 0.072396 0.170037
3 0.728125 0.518382 0.034375 0.119485
9 0.772135 0.532169 0.039062 0.099265
9 0.373177 0.375000 0.033854 0.064338
3 0.400000 0.344210 0.026042 0.043199
4 0.407292 0.390625 0.019792 0.040441
3 0.537760 0.319393 0.036979 0.092831
3 0.651302 0.232537 0.030729 0.047794
7 0.647135 0.186581 0.089063 0.150735
3 0.686458 0.310662 0.026042 0.053309
3 0.770052 0.367647 0.043229 0.150735
9 0.799740 0.256893 0.028646 0.068934
4 0.677604 0.344669 0.014583 0.022059
1 0.057813 0.673713 0.085417 0.102941
1 0.044531 0.754136 0.073438 0.098346
1 0.152865 0.609375 0.097396 0.091912
1 0.136979 0.702665 0.089583 0.070772
1 0.210677 0.555147 0.057813 0.034926
0 0.237500 0.605239 0.107292 0.125919
1 0.317969 0.636489 0.093229 0.120404
2 0.555729 0.596048 0.104167 0.100184
1 0.863542 0.727482 0.238542 0.282169
1 0.751302 0.587776 0.068229 0.083640
8 0.729688 0.631434 0.050000 0.117647
1 0.426563 0.361673 0.092708 0.079963
1 0.368750 0.348346 0.067708 0.068015
2 0.359115 0.320772 0.022396 0.042279
1 0.322917 0.323070 0.022917 0.043199
0 0.296875 0.322610 0.051042 0.058824
1 0.223698 0.319393 0.067187 0.068934
2 0.689323 0.360294 0.039062 0.055147
2 0.747656 0.396140 0.030729 0.051471
1 0.743229 0.363511 0.056250 0.067096
2 0.686979 0.270680 0.025000 0.035846
1 0.789323 0.314798 0.086979 0.079963
1 0.894792 0.229320 0.044792 0.090993
2 0.886979 0.275276 0.014583 0.028493
1 0.817969 0.272059 0.018229 0.038603
