1 0.103646 0.687040 0.195833 0.188419
1 0.211719 0.554228 0.058854 0.047794
0 0.242969 0.590533 0.113021 0.124081
2 0.301042 0.501838 0.034375 0.049632
2 0.380469 0.413603 0.158854 0.073529
2 0.340885 0.670956 0.083854 0.071691
2 0.559115 0.598805 0.116146 0.127757
1 0.646354 0.433364 0.139583 0.122243
1 0.858333 0.706801 0.246875 0.297794
8 0.736458 0.631893 0.045833 0.120404
1 0.760417 0.330882 0.172917 0.121324
1 0.890365 0.235294 0.042188 0.108456
2 0.925260 0.365349 0.026562 0.074449
1 0.421094 0.364430 0.140104 0.122243
2 0.519792 0.351103 0.040625 0.071691
0 0.327865 0.332261 0.055729 0.078125
1 0.286198 0.325827 0.077604 0.072610
0 0.224219 0.310662 0.031771 0.036765
1 0.125521 0.496324 0.039583 0.069853
6 0.667188 0.696691 0.127083 0.352941
5 0.651042 0.148897 0.175000 0.295956
5 0.919010 0.250919 0.161979 0.488971
5 0.275521 0.110754 0.545833 0.166360
5 0.090104 0.432904 0.179167 0.382353
6 0.113021 0.494485 0.087500 0.240809
6 0.452865 0.247702 0.063021 0.140625
6 0.862760 0.320772 0.109896 0.261029
7 0.651302 0.176930 0.086979 0.179228
3 0.412500 0.847426 0.064583 0.189338
3 0.473177 0.594669 0.044271 0.183824
3 0.535417 0.319853 0.031250 0.068015
6 0.172396 0.279412 0.072917 0.077206
3 0.685937 0.308824 0.037500 0.038603
3 0.318490 0.562040 0.065104 0.127757
3 0.273177 0.439338 0.030729 0.051471
3 0.719792 0.500460 0.034375 0.136949
9 0.760938 0.515625 0.041667 0.106618
9 0.372135 0.374081 0.025521 0.058824
3 0.396615 0.350184 0.024479 0.036765
4 0.406250 0.388327 0.019792 0.035846
3 0.652865 0.219210 0.029687 0.052390
4 0.679427 0.345129 0.018229 0.032169
3 0.762760 0.356158 0.048438 0.166360
9 0.802604 0.259191 0.022917 0.073529
