6 0.673698 0.702206 0.131771 0.387868
3 0.474219 0.594210 0.064062 0.153493
3 0.309896 0.549173 0.045833 0.103860
3 0.277604 0.437960 0.027083 0.061581
6 0.110417 0.500000 0.069792 0.218750
3 0.412760 0.843750 0.071354 0.193015
5 0.643229 0.137408 0.143750 0.271140
5 0.916927 0.243566 0.166146 0.477941
5 0.273438 0.136949 0.545833 0.231618
5 0.077865 0.443934 0.148438 0.363971
3 0.684896 0.312040 0.033333 0.054228
7 0.647656 0.180607 0.074479 0.144301
3 0.652344 0.222886 0.024479 0.052390
3 0.396354 0.348805 0.025000 0.032169
9 0.370573 0.365809 0.025521 0.058824
3 0.770052 0.366728 0.043229 0.136029
3 0.542448 0.326287 0.027604 0.073529
3 0.719531 0.503676 0.039062 0.126838
9 0.760417 0.525735 0.040625 0.093750
6 0.851823 0.275276 0.082812 0.203125
6 0.173177 0.273897 0.074479 0.082721
6 0.455208 0.253217 0.060417 0.127757
9 0.801823 0.265165 0.025521 0.068934
4 0.404948 0.391085 0.018229 0.035846
4 0.682292 0.350643 0.011458 0.028493
1 0.470313 0.474265 0.047917 0.086397
1 0.055990 0.696232 0.082812 0.059743
1 0.041667 0.758272 0.076042 0.066176
1 0.155729 0.617188 0.091667 0.078125
1 0.138802 0.693474 0.084896 0.081801
1 0.210677 0.550551 0.063021 0.040441
8 0.177083 0.435202 0.045833 0.067096
0 0.237500 0.609375 0.104167 0.106618
2 0.279167 0.513787 0.037500 0.058824
1 0.156250 0.334099 0.030208 0.048713
1 0.805990 0.703125 0.128646 0.125000
2 0.548698 0.590533 0.048438 0.087316
8 0.732031 0.636029 0.027604 0.099265
0 0.912240 0.582261 0.107813 0.170037
1 0.802604 0.462316 0.083333 0.095588
1 0.614062 0.381893 0.075000 0.068934
1 0.649479 0.443015 0.062500 0.071691
1 0.453385 0.408548 0.048438 0.063419
1 0.460677 0.373162 0.043229 0.036765
1 0.400781 0.374081 0.036979 0.045956
1 0.434635 0.335478 0.042188 0.038603
1 0.352083 0.330423 0.035417 0.046875
1 0.320833 0.329044 0.029167 0.034926
1 0.280729 0.301930 0.033333 0.034007
1 0.250781 0.315717 0.034896 0.037684
1 0.212500 0.301471 0.026042 0.040441
2 0.693490 0.360294 0.034896 0.047794
1 0.742448 0.360294 0.055729 0.062500
2 0.755208 0.393382 0.025000 0.044118
1 0.782552 0.334559 0.065104 0.055147
1 0.808594 0.306985 0.043229 0.044118
1 0.818229 0.281710 0.020833 0.032169
1 0.884635 0.268842 0.013021 0.032169
