6 0.679948 0.715993 0.134896 0.338235
6 0.111458 0.493107 0.072917 0.193934
3 0.473958 0.585938 0.053125 0.153493
5 0.646875 0.134191 0.169792 0.257353
5 0.920573 0.250000 0.158854 0.496324
6 0.858333 0.286305 0.079167 0.210478
6 0.460156 0.254136 0.071354 0.135110
6 0.167187 0.280331 0.081250 0.073529
5 0.276042 0.113051 0.543750 0.191176
5 0.078125 0.386489 0.155208 0.269301
7 0.655990 0.182904 0.088021 0.143382
3 0.307552 0.551011 0.048438 0.127757
3 0.273958 0.442096 0.032292 0.036765
3 0.404167 0.857537 0.078125 0.183824
3 0.725000 0.512868 0.033333 0.134191
3 0.688542 0.310662 0.028125 0.051471
3 0.540885 0.319853 0.035937 0.079044
3 0.652083 0.222426 0.026042 0.049632
9 0.759896 0.525735 0.039583 0.082721
4 0.404948 0.392004 0.015104 0.035846
3 0.398177 0.351103 0.032813 0.049632
9 0.372656 0.373162 0.025521 0.064338
3 0.766146 0.362592 0.029167 0.138787
9 0.806510 0.257353 0.020313 0.071691
1 0.254167 0.685202 0.086458 0.096507
2 0.549219 0.594669 0.048438 0.088235
8 0.750260 0.634651 0.079687 0.138787
1 0.901042 0.777574 0.113542 0.152574
1 0.051302 0.693474 0.080729 0.057904
8 0.095573 0.535386 0.045312 0.059743
1 0.045312 0.753676 0.081250 0.079044
1 0.152604 0.621783 0.085417 0.078125
1 0.135417 0.692555 0.075000 0.072610
1 0.213021 0.551011 0.058333 0.026654
0 0.234635 0.609375 0.102604 0.091912
2 0.275000 0.505055 0.033333 0.057904
1 0.194792 0.360754 0.036458 0.048713
1 0.443229 0.396140 0.054167 0.055147
1 0.486198 0.378676 0.047396 0.049632
1 0.471615 0.344669 0.047396 0.051471
1 0.647917 0.474265 0.065625 0.082721
1 0.655729 0.429228 0.079167 0.066176
1 0.607292 0.390625 0.055208 0.055147
4 0.680469 0.345129 0.015104 0.026654
1 0.331250 0.350643 0.031250 0.037684
1 0.335677 0.312500 0.031771 0.031250
1 0.278646 0.311121 0.026042 0.034007
1 0.252865 0.326746 0.022396 0.030331
1 0.312240 0.324908 0.030729 0.039522
1 0.386458 0.371324 0.033333 0.038603
1 0.386719 0.344669 0.025521 0.031250
1 0.237760 0.294118 0.023438 0.031250
1 0.217708 0.314798 0.029167 0.028493
1 0.261719 0.299632 0.017188 0.025735
1 0.185938 0.306066 0.019792 0.027574
2 0.695573 0.359835 0.026562 0.052390
1 0.743229 0.366728 0.067708 0.077206
1 0.779427 0.334099 0.059896 0.056066
2 0.816146 0.333180 0.014583 0.043199
1 0.808333 0.305147 0.042708 0.042279
1 0.820052 0.281710 0.015104 0.021140
1 0.882812 0.267004 0.011458 0.039522
1 0.858333 0.518842 0.122917 0.138787
