6 0.677344 0.704044 0.133854 0.338235
5 0.280990 0.101103 0.554688 0.163603
5 0.092969 0.417739 0.184896 0.359375
6 0.106771 0.499540 0.083333 0.193934
6 0.855729 0.277114 0.081250 0.221507
5 0.920833 0.258732 0.158333 0.513787
5 0.648438 0.135570 0.170833 0.261949
6 0.171615 0.288603 0.080729 0.075368
7 0.645573 0.180147 0.079687 0.143382
3 0.474219 0.589614 0.043229 0.160846
3 0.407813 0.851103 0.054167 0.167279
3 0.310156 0.546415 0.045312 0.087316
3 0.281771 0.450368 0.031250 0.058824
3 0.724479 0.512408 0.041667 0.131434
9 0.372656 0.371783 0.028646 0.061581
3 0.398958 0.342371 0.023958 0.046875
4 0.406771 0.388327 0.025000 0.043199
3 0.687500 0.307445 0.021875 0.043199
3 0.539583 0.308824 0.028125 0.049632
4 0.680469 0.350184 0.022396 0.033088
9 0.799219 0.255974 0.022396 0.057904
1 0.052865 0.690717 0.076563 0.056066
1 0.041667 0.761029 0.075000 0.069853
1 0.153646 0.614890 0.083333 0.066176
1 0.133594 0.687500 0.092188 0.069853
1 0.317448 0.646140 0.090104 0.091912
1 0.208073 0.556066 0.067187 0.051471
0 0.239844 0.611213 0.108854 0.102941
2 0.272917 0.510110 0.029167 0.051471
8 0.158333 0.347426 0.037500 0.045956
2 0.553385 0.596507 0.039062 0.077206
1 0.801042 0.702665 0.098958 0.107537
1 0.934635 0.802849 0.098437 0.153493
8 0.728906 0.641544 0.045312 0.141544
1 0.882292 0.506434 0.077083 0.102941
1 0.957292 0.585938 0.078125 0.102022
1 0.601823 0.417279 0.059896 0.068015
1 0.444531 0.393842 0.044271 0.067096
1 0.545052 0.364890 0.066146 0.064338
1 0.511458 0.389706 0.045833 0.069853
1 0.369531 0.346507 0.046354 0.066176
1 0.430469 0.355699 0.040104 0.047794
1 0.296094 0.332261 0.039062 0.059743
1 0.215625 0.304688 0.068750 0.048713
1 0.342969 0.307904 0.029687 0.040441
2 0.696354 0.362132 0.036458 0.064338
1 0.740365 0.363511 0.064062 0.063419
1 0.776302 0.330882 0.064062 0.062500
1 0.807292 0.305147 0.052083 0.040441
1 0.890625 0.258272 0.030208 0.056985
1 0.822396 0.278952 0.017708 0.030331
9 0.764844 0.535386 0.041146 0.107537
