1 0.294010 0.646599 0.099479 0.122243
3 0.482292 0.590074 0.051042 0.148897
3 0.409896 0.860294 0.064583 0.167279
6 0.682292 0.700827 0.139583 0.368566
1 0.502604 0.492647 0.064583 0.108456
1 0.458854 0.436581 0.043750 0.077206
1 0.571094 0.408088 0.063021 0.079044
1 0.598177 0.380055 0.049479 0.059743
3 0.727865 0.517004 0.039062 0.140625
9 0.765885 0.535846 0.040104 0.106618
1 0.914323 0.522059 0.075521 0.099265
1 0.736719 0.437960 0.068229 0.085478
6 0.858333 0.287684 0.091667 0.213235
5 0.952083 0.310202 0.095833 0.559743
5 0.090625 0.439798 0.180208 0.388787
5 0.283333 0.101562 0.562500 0.175551
7 0.652083 0.193015 0.083333 0.167279
3 0.654948 0.231158 0.034896 0.056066
3 0.310677 0.557904 0.054688 0.115809
6 0.107813 0.494945 0.066667 0.210478
1 0.042969 0.756893 0.075521 0.072610
1 0.053906 0.698529 0.077604 0.062500
1 0.130208 0.611213 0.052083 0.058824
1 0.135937 0.689338 0.086458 0.073529
1 0.163281 0.630515 0.067187 0.062500
1 0.210677 0.556526 0.056771 0.052390
0 0.233854 0.607996 0.116667 0.109375
6 0.164323 0.271140 0.084896 0.079044
3 0.275000 0.445312 0.031250 0.063419
2 0.277083 0.512868 0.029167 0.049632
5 0.922917 0.096507 0.145833 0.180147
3 0.398958 0.351562 0.020833 0.034007
4 0.404948 0.393382 0.021354 0.051471
0 0.432031 0.377298 0.052604 0.079963
1 0.437500 0.335938 0.040625 0.048713
6 0.459115 0.259191 0.057813 0.132353
3 0.541667 0.323070 0.026042 0.081801
9 0.374740 0.373162 0.022396 0.058824
1 0.377604 0.365349 0.033333 0.045037
1 0.316406 0.346507 0.030729 0.033088
1 0.336719 0.327206 0.028646 0.033088
1 0.303646 0.319853 0.028125 0.033088
1 0.320833 0.306985 0.023958 0.034926
1 0.264323 0.312500 0.022396 0.025735
1 0.234375 0.292279 0.017708 0.029412
1 0.223958 0.306066 0.020833 0.027574
3 0.686198 0.313879 0.019271 0.032169
4 0.680469 0.351562 0.017188 0.030331
2 0.688802 0.361213 0.022396 0.045956
2 0.702344 0.356618 0.017188 0.040441
3 0.767969 0.356158 0.028646 0.122243
1 0.731510 0.356158 0.045312 0.048713
1 0.756510 0.372702 0.039062 0.052390
1 0.763542 0.324908 0.033333 0.034007
1 0.795833 0.340074 0.034375 0.049632
1 0.800521 0.303768 0.028125 0.046875
1 0.822135 0.314338 0.021354 0.051471
9 0.803646 0.258732 0.014583 0.067096
