6 0.672135 0.708640 0.156771 0.367647
6 0.165104 0.279412 0.079167 0.086397
6 0.111458 0.500919 0.053125 0.213235
5 0.650000 0.137408 0.165625 0.258272
5 0.926823 0.229320 0.146354 0.447610
6 0.852344 0.289062 0.091146 0.219669
6 0.456771 0.239430 0.091667 0.142463
5 0.279948 0.115349 0.555729 0.199449
7 0.647135 0.183824 0.093229 0.165441
5 0.088802 0.427849 0.176563 0.344669
3 0.473177 0.605239 0.045312 0.160846
3 0.411198 0.861673 0.055729 0.170037
3 0.310417 0.551930 0.051042 0.127757
3 0.274219 0.449908 0.035937 0.043199
3 0.540625 0.315257 0.030208 0.073529
3 0.400000 0.351562 0.023958 0.037684
3 0.726823 0.506893 0.033854 0.144301
3 0.686458 0.313879 0.023958 0.043199
4 0.683073 0.351103 0.016146 0.038603
9 0.370312 0.359375 0.027083 0.058824
9 0.405208 0.390165 0.022917 0.041360
9 0.757292 0.522978 0.035417 0.088235
9 0.802083 0.253676 0.023958 0.069853
3 0.653906 0.222886 0.024479 0.050551
3 0.766406 0.361213 0.025521 0.154412
1 0.056510 0.675551 0.086979 0.073529
1 0.044531 0.757353 0.068229 0.082721
1 0.151823 0.612132 0.086979 0.080882
1 0.135677 0.687960 0.092188 0.078125
1 0.211979 0.557445 0.050000 0.037684
0 0.229427 0.599265 0.111979 0.112132
1 0.346094 0.616728 0.086979 0.084559
1 0.190885 0.373162 0.039062 0.064338
2 0.277344 0.510110 0.038021 0.062500
1 0.053385 0.852941 0.076563 0.101103
2 0.552083 0.610294 0.108333 0.121324
1 0.864583 0.720588 0.232292 0.297794
8 0.726042 0.632812 0.035417 0.122243
1 0.790625 0.486213 0.078125 0.099265
8 0.960417 0.553309 0.079167 0.159926
1 0.517448 0.458640 0.144271 0.158088
0 0.443490 0.360294 0.063021 0.113971
1 0.354948 0.347886 0.051562 0.079963
1 0.291927 0.324449 0.066146 0.080882
1 0.243750 0.312040 0.045833 0.056066
1 0.754948 0.264706 0.038021 0.042279
1 0.742448 0.360294 0.061979 0.062500
2 0.750781 0.389246 0.026562 0.063419
1 0.781510 0.320312 0.066146 0.094669
1 0.825260 0.294118 0.020313 0.071691
1 0.892188 0.267463 0.034375 0.079044
1 0.918750 0.193934 0.023958 0.049632
