1 0.104948 0.695312 0.183854 0.210478
2 0.188542 0.789062 0.059375 0.087316
1 0.207552 0.545956 0.078646 0.045956
0 0.238542 0.597886 0.151042 0.138787
1 0.419010 0.363511 0.143229 0.114890
2 0.342708 0.405790 0.123958 0.087316
1 0.142187 0.477941 0.062500 0.068015
1 0.597396 0.437040 0.191667 0.142463
0 0.244792 0.607537 0.111458 0.110294
2 0.301302 0.488051 0.036979 0.058824
2 0.552083 0.593750 0.111458 0.147059
1 0.852083 0.725643 0.246875 0.322610
8 0.735938 0.630515 0.043750 0.112132
0 0.338021 0.346507 0.063542 0.073529
1 0.279948 0.327206 0.066146 0.062500
0 0.225781 0.314338 0.030729 0.042279
2 0.528385 0.351103 0.028646 0.040441
1 0.749740 0.329504 0.165104 0.131434
1 0.895573 0.227482 0.047396 0.140625
2 0.932813 0.387868 0.036458 0.068015
6 0.668490 0.701746 0.127604 0.363051
6 0.860417 0.301930 0.093750 0.245404
6 0.110937 0.503676 0.056250 0.180147
5 0.281250 0.112592 0.557292 0.199449
6 0.170313 0.270221 0.093750 0.093750
7 0.650260 0.179688 0.097396 0.193934
5 0.646094 0.145680 0.155729 0.272978
5 0.921094 0.267923 0.157812 0.524816
5 0.082292 0.437960 0.158333 0.386949
6 0.461458 0.265625 0.075000 0.165441
3 0.475260 0.589154 0.044271 0.172794
3 0.406250 0.850184 0.068750 0.187500
3 0.275000 0.439338 0.030208 0.051471
3 0.316927 0.560202 0.060937 0.111213
3 0.399479 0.343290 0.027083 0.035846
9 0.376042 0.367188 0.028125 0.068934
4 0.409375 0.387408 0.020833 0.037684
3 0.724740 0.506434 0.047396 0.125000
9 0.753906 0.530331 0.048438 0.091912
3 0.652865 0.229779 0.020313 0.042279
3 0.539583 0.316636 0.034375 0.107537
3 0.689583 0.312960 0.028125 0.054228
4 0.682031 0.347886 0.024479 0.035846
3 0.767448 0.352941 0.029687 0.137868
9 0.802083 0.255055 0.023958 0.067096
