6 0.677083 0.718290 0.134375 0.352022
6 0.160938 0.280331 0.087500 0.069853
6 0.461719 0.253217 0.076563 0.136949
6 0.858594 0.281250 0.086979 0.227941
5 0.088021 0.437500 0.175000 0.354779
6 0.109896 0.494485 0.072917 0.185662
5 0.280208 0.128676 0.553125 0.226103
7 0.648698 0.176471 0.084896 0.178309
5 0.652865 0.148438 0.152604 0.280331
5 0.927344 0.237132 0.145313 0.461397
3 0.310156 0.558364 0.049479 0.105699
3 0.475000 0.604320 0.046875 0.168199
3 0.413802 0.852482 0.081771 0.171875
3 0.280208 0.437960 0.031250 0.048713
3 0.403906 0.353401 0.036979 0.041360
9 0.372917 0.371324 0.041667 0.064338
4 0.404427 0.386029 0.017188 0.033088
3 0.723698 0.498162 0.040104 0.115809
4 0.763542 0.523438 0.030208 0.081801
3 0.546615 0.322151 0.030729 0.079963
3 0.769792 0.362132 0.032292 0.141544
3 0.691667 0.309283 0.034375 0.046875
3 0.651042 0.226103 0.026042 0.044118
4 0.679948 0.346048 0.018229 0.034007
9 0.800260 0.255974 0.028646 0.074449
1 0.054948 0.687960 0.080729 0.061581
1 0.042448 0.756434 0.072396 0.066176
1 0.153906 0.621783 0.088021 0.070772
1 0.140885 0.685662 0.090104 0.095588
1 0.211719 0.554688 0.055729 0.048713
1 0.211198 0.715993 0.110937 0.095588
1 0.373437 0.596967 0.095833 0.089154
0 0.240365 0.607537 0.101562 0.102941
8 0.191146 0.376379 0.035417 0.050551
1 0.120313 0.325368 0.022917 0.042279
1 0.463021 0.443015 0.064583 0.086397
1 0.798698 0.695312 0.097396 0.113051
2 0.276562 0.512868 0.035417 0.068015
2 0.542708 0.589154 0.055208 0.077206
1 0.965885 0.828125 0.064062 0.128676
1 0.882552 0.509191 0.084896 0.112132
1 0.961198 0.591912 0.077604 0.112132
1 0.606250 0.389706 0.048958 0.062500
1 0.639583 0.427849 0.080208 0.081801
1 0.439323 0.357077 0.042188 0.052390
1 0.357292 0.337776 0.025000 0.039522
1 0.366927 0.363511 0.040104 0.041360
1 0.391667 0.346048 0.031250 0.037684
1 0.246875 0.310202 0.030208 0.046875
1 0.300000 0.326746 0.043750 0.052390
1 0.192969 0.300551 0.038021 0.047794
1 0.266406 0.298254 0.018229 0.034007
1 0.374740 0.316176 0.032813 0.045956
2 0.695052 0.360294 0.029687 0.044118
2 0.749479 0.395221 0.025000 0.049632
1 0.742969 0.359375 0.058854 0.071691
1 0.779687 0.338235 0.061458 0.064338
1 0.809896 0.306066 0.043750 0.058824
1 0.821094 0.275735 0.014063 0.031250
1 0.883333 0.270680 0.019792 0.045037
