6 0.681771 0.711857 0.152083 0.352022
6 0.109375 0.494026 0.081250 0.192096
6 0.164844 0.276654 0.092188 0.095588
5 0.279167 0.124081 0.550000 0.172794
5 0.081510 0.431526 0.161979 0.366728
5 0.653125 0.159007 0.182292 0.301471
5 0.923958 0.251838 0.152083 0.494485
7 0.653906 0.183824 0.086979 0.148897
6 0.459635 0.255515 0.077604 0.139706
6 0.854167 0.284926 0.075000 0.204044
3 0.313542 0.555147 0.052083 0.112132
3 0.481771 0.591452 0.058333 0.136949
3 0.404948 0.861213 0.052604 0.158088
3 0.400781 0.353860 0.023438 0.036765
9 0.367708 0.359375 0.032292 0.066176
4 0.407292 0.386489 0.026042 0.046875
3 0.682552 0.308364 0.026562 0.046875
3 0.273438 0.441636 0.033333 0.056066
3 0.541667 0.324449 0.038542 0.106618
3 0.767448 0.354320 0.040104 0.146140
3 0.725260 0.514246 0.045312 0.127757
9 0.771875 0.533548 0.055208 0.129596
9 0.801042 0.261029 0.022917 0.079044
1 0.054948 0.689798 0.081771 0.074449
1 0.047917 0.767463 0.087500 0.077206
1 0.153646 0.623621 0.085417 0.072610
1 0.134896 0.691636 0.081250 0.085478
1 0.151302 0.767004 0.101562 0.081801
4 0.682292 0.349265 0.018750 0.038603
1 0.206510 0.553309 0.049479 0.051471
0 0.235156 0.602482 0.104688 0.100184
8 0.144271 0.340993 0.041667 0.047794
1 0.460156 0.420496 0.049479 0.072610
1 0.935937 0.795956 0.087500 0.137868
2 0.276302 0.511949 0.039062 0.051471
2 0.548958 0.590993 0.055208 0.095588
1 0.476302 0.374081 0.051562 0.058824
1 0.592708 0.416820 0.068750 0.096507
1 0.647396 0.396140 0.064583 0.088235
1 0.701823 0.446691 0.070312 0.101103
1 0.973958 0.555147 0.052083 0.077206
1 0.318490 0.337316 0.041146 0.069853
1 0.400781 0.301930 0.040104 0.034007
1 0.236979 0.313419 0.048958 0.053309
2 0.697656 0.364430 0.034896 0.048713
2 0.748698 0.392923 0.028646 0.063419
1 0.741406 0.359835 0.067187 0.074449
1 0.777865 0.335018 0.058854 0.059743
1 0.811458 0.307445 0.041667 0.050551
1 0.886458 0.263787 0.019792 0.064338
1 0.818490 0.274357 0.017188 0.030331
1 0.805990 0.696691 0.096354 0.137868
8 0.733333 0.619485 0.062500 0.097426
