6 0.670573 0.710018 0.121354 0.377757
3 0.309896 0.551930 0.045833 0.114890
3 0.271615 0.458640 0.048438 0.077206
5 0.267708 0.117647 0.528125 0.187500
5 0.082812 0.426471 0.164583 0.351103
5 0.919531 0.256434 0.160938 0.500000
5 0.647917 0.140165 0.183333 0.276654
7 0.654167 0.192096 0.084375 0.161765
6 0.113281 0.494026 0.069271 0.197610
6 0.175521 0.277574 0.077083 0.073529
6 0.458333 0.255515 0.062500 0.125000
6 0.845052 0.302849 0.085938 0.227022
3 0.472396 0.599724 0.041667 0.164522
3 0.409375 0.858915 0.052083 0.190257
3 0.401302 0.352941 0.023438 0.033088
9 0.369792 0.374081 0.028125 0.062500
4 0.406510 0.394761 0.025521 0.037684
3 0.544010 0.321232 0.038021 0.087316
3 0.683854 0.316636 0.033333 0.046875
3 0.646354 0.227022 0.020833 0.036765
3 0.761719 0.354779 0.030729 0.145221
9 0.802604 0.257812 0.020833 0.068934
4 0.681250 0.347426 0.017708 0.029412
1 0.047396 0.689338 0.077083 0.079044
1 0.044010 0.760570 0.082812 0.061581
1 0.150521 0.609835 0.087500 0.078125
1 0.132552 0.689338 0.080729 0.071691
1 0.454688 0.482537 0.089583 0.095588
1 0.545833 0.395221 0.054167 0.051471
2 0.274479 0.515165 0.039583 0.048713
2 0.545573 0.602022 0.050521 0.073529
1 0.808073 0.706342 0.117188 0.135110
1 0.935156 0.798713 0.099479 0.132353
8 0.727865 0.628676 0.047396 0.101103
1 0.350521 0.352482 0.050000 0.076287
1 0.206250 0.554228 0.070833 0.044118
0 0.236458 0.612132 0.105208 0.090074
1 0.457813 0.368566 0.076042 0.102941
1 0.253646 0.311121 0.061458 0.065257
1 0.292708 0.338695 0.034375 0.045037
1 0.190104 0.296415 0.039583 0.043199
1 0.813281 0.483456 0.128646 0.172794
1 0.710938 0.476562 0.069792 0.096507
2 0.693750 0.369945 0.036458 0.048713
2 0.748698 0.394301 0.023438 0.053309
1 0.742448 0.359375 0.065104 0.066176
1 0.778125 0.331801 0.058333 0.066176
1 0.810156 0.312960 0.043229 0.050551
1 0.888542 0.259191 0.023958 0.053309
1 0.821094 0.276654 0.021354 0.034926
