1 0.220833 0.760570 0.103125 0.120404
6 0.674740 0.714614 0.136979 0.368566
3 0.480729 0.610294 0.068750 0.163603
3 0.410156 0.871783 0.074479 0.186581
1 0.338281 0.613511 0.080729 0.107537
0 0.449479 0.465993 0.075000 0.125000
5 0.083854 0.459559 0.166667 0.406250
5 0.285156 0.123621 0.567187 0.175551
5 0.651042 0.141544 0.171875 0.279412
5 0.954427 0.279412 0.091146 0.479779
5 0.926302 0.106158 0.147396 0.210478
1 0.898958 0.511949 0.080208 0.095588
1 0.975781 0.609835 0.048438 0.092831
3 0.727865 0.511949 0.043229 0.121324
9 0.761719 0.533088 0.039062 0.099265
1 0.630208 0.433824 0.080208 0.091912
6 0.114583 0.491728 0.075000 0.216912
6 0.172396 0.279412 0.081250 0.069853
1 0.596615 0.388327 0.060937 0.067096
1 0.447656 0.392004 0.053646 0.067096
7 0.650260 0.188419 0.079687 0.136029
3 0.653125 0.229779 0.030208 0.042279
6 0.855990 0.289062 0.088021 0.227022
6 0.458333 0.257353 0.071875 0.123162
1 0.058854 0.691176 0.085417 0.069853
1 0.043750 0.752298 0.080208 0.087316
1 0.140885 0.685662 0.081771 0.090074
1 0.128125 0.612132 0.051042 0.051471
1 0.163542 0.631434 0.073958 0.066176
1 0.207552 0.557904 0.060937 0.047794
0 0.240365 0.601562 0.106771 0.102022
3 0.276823 0.438879 0.038021 0.057904
3 0.311198 0.546875 0.039062 0.106618
2 0.279687 0.511489 0.043750 0.056066
3 0.400521 0.346048 0.033333 0.043199
9 0.372135 0.364430 0.023438 0.063419
4 0.406250 0.390625 0.019792 0.040441
3 0.541406 0.327206 0.023438 0.084559
1 0.360417 0.342371 0.035417 0.034007
1 0.396615 0.369945 0.042188 0.041360
1 0.397135 0.345588 0.035937 0.036765
1 0.422656 0.327665 0.035937 0.046875
1 0.318229 0.323070 0.035417 0.034007
1 0.314063 0.304228 0.034375 0.040441
1 0.270833 0.329963 0.029167 0.034926
1 0.216927 0.317555 0.025521 0.026654
1 0.239583 0.321232 0.028125 0.035846
1 0.272917 0.303309 0.026042 0.031250
1 0.257812 0.309743 0.022917 0.027574
1 0.197656 0.307904 0.020313 0.027574
1 0.207552 0.288143 0.024479 0.028493
1 0.182031 0.294577 0.015104 0.022978
3 0.687240 0.310662 0.026562 0.044118
4 0.680469 0.353860 0.014063 0.033088
2 0.688021 0.366728 0.022917 0.049632
2 0.699219 0.359835 0.022396 0.035846
3 0.769010 0.360294 0.033854 0.148897
1 0.731510 0.351103 0.040104 0.058824
1 0.755990 0.373162 0.038021 0.055147
1 0.766146 0.324908 0.033333 0.041360
1 0.794271 0.341452 0.038542 0.043199
1 0.801302 0.298254 0.027604 0.041360
1 0.821094 0.314338 0.023438 0.040441
1 0.880729 0.261489 0.020833 0.037684
1 0.922396 0.203125 0.021875 0.034926
1 0.822656 0.282169 0.017188 0.033088
9 0.802865 0.256893 0.013021 0.067096
