6 0.672656 0.708640 0.167187 0.376838
1 0.383594 0.577665 0.083854 0.109375
3 0.477083 0.591912 0.046875 0.150735
0 0.236198 0.606158 0.114062 0.100184
1 0.132552 0.680147 0.093229 0.077206
1 0.044010 0.763787 0.083854 0.071691
1 0.049740 0.704044 0.075521 0.069853
1 0.165104 0.631434 0.079167 0.068015
1 0.135677 0.611213 0.054688 0.060662
3 0.412760 0.858456 0.066146 0.167279
3 0.311198 0.554688 0.045312 0.103860
2 0.272656 0.507812 0.033854 0.056066
3 0.280469 0.457721 0.033854 0.079044
1 0.210156 0.555607 0.065104 0.050551
5 0.063021 0.413603 0.125000 0.367647
5 0.288802 0.144761 0.573438 0.171875
1 0.909896 0.516085 0.073958 0.111213
5 0.951042 0.304228 0.097917 0.501838
6 0.766146 0.531250 0.041667 0.119485
3 0.727865 0.519301 0.040104 0.141544
1 0.705208 0.469210 0.067708 0.090993
1 0.728385 0.441176 0.075521 0.082721
1 0.456250 0.455423 0.052083 0.081801
1 0.581510 0.389706 0.052604 0.064338
1 0.502865 0.380055 0.047396 0.063419
1 0.398698 0.370404 0.042188 0.049632
4 0.408073 0.394761 0.016146 0.046875
1 0.372396 0.341452 0.032292 0.039522
1 0.331510 0.349265 0.027604 0.040441
0 0.297135 0.333180 0.038021 0.050551
1 0.333333 0.318015 0.025000 0.033088
1 0.315104 0.323070 0.023958 0.037684
1 0.284375 0.305147 0.025000 0.029412
1 0.399479 0.327665 0.035417 0.037684
1 0.460156 0.346048 0.041146 0.050551
6 0.453125 0.257812 0.052083 0.129596
1 0.264062 0.326287 0.022917 0.029412
1 0.285938 0.304228 0.020833 0.031250
1 0.260156 0.313879 0.022396 0.026654
1 0.233333 0.305607 0.018750 0.019301
6 0.171094 0.284926 0.075521 0.045956
2 0.688802 0.364890 0.020313 0.040441
2 0.705469 0.354320 0.013021 0.039522
3 0.685156 0.313419 0.014063 0.029412
4 0.682031 0.346507 0.010937 0.022059
3 0.652083 0.221048 0.019792 0.045037
3 0.540104 0.320772 0.031250 0.093750
7 0.646615 0.181985 0.069271 0.141544
6 0.851562 0.289522 0.089583 0.231618
5 0.916927 0.084099 0.166146 0.166360
5 0.632292 0.100643 0.129167 0.199449
1 0.757292 0.374540 0.038542 0.052390
3 0.768229 0.362132 0.027083 0.147059
1 0.731771 0.353860 0.039583 0.053309
1 0.795052 0.344210 0.035937 0.046875
1 0.763021 0.330882 0.041667 0.038603
1 0.800781 0.301930 0.033854 0.046875
1 0.825781 0.312500 0.025521 0.042279
4 0.802865 0.261029 0.016146 0.062500
