6 0.672917 0.711857 0.133333 0.388787
6 0.109115 0.501379 0.080729 0.219669
5 0.268750 0.102482 0.532292 0.173713
5 0.642708 0.147978 0.163542 0.279412
5 0.929167 0.255515 0.141667 0.485294
6 0.855729 0.281250 0.087500 0.240809
6 0.459375 0.253217 0.063542 0.136949
7 0.646875 0.182445 0.078125 0.146140
3 0.310417 0.540441 0.059375 0.101103
3 0.271875 0.436581 0.030208 0.047794
6 0.171615 0.279412 0.080729 0.084559
5 0.077865 0.419118 0.151562 0.376838
3 0.480990 0.587316 0.054688 0.169118
3 0.405208 0.836397 0.052083 0.159926
3 0.402083 0.346507 0.019792 0.033088
9 0.373698 0.367647 0.023438 0.071691
4 0.408073 0.391544 0.021354 0.042279
3 0.683073 0.306985 0.032813 0.053309
3 0.546354 0.310662 0.037500 0.068015
3 0.726042 0.517004 0.042708 0.124081
9 0.766406 0.533088 0.033854 0.106618
3 0.768490 0.358915 0.038021 0.146140
4 0.683333 0.351103 0.019792 0.034926
9 0.799479 0.252757 0.031250 0.069853
1 0.051562 0.691636 0.091667 0.078125
1 0.128125 0.491728 0.046875 0.077206
1 0.044271 0.760570 0.083333 0.076287
1 0.159375 0.616728 0.084375 0.088235
1 0.139063 0.691636 0.097917 0.090993
1 0.204167 0.549173 0.057292 0.050551
1 0.321875 0.625000 0.092708 0.128676
0 0.231510 0.612592 0.113021 0.124081
2 0.274740 0.512408 0.033854 0.050551
2 0.573438 0.609375 0.120833 0.154412
1 0.806771 0.698529 0.110417 0.163603
1 0.918490 0.800092 0.120313 0.175551
8 0.726562 0.620864 0.033333 0.129596
1 0.460938 0.436581 0.056250 0.095588
8 0.542969 0.379136 0.065104 0.098346
1 0.729948 0.460938 0.077604 0.111213
1 0.440365 0.368566 0.093229 0.091912
1 0.341927 0.341912 0.051562 0.077206
1 0.421615 0.294118 0.045312 0.051471
0 0.285938 0.323529 0.053125 0.073529
1 0.217188 0.318015 0.076042 0.075368
2 0.696094 0.363971 0.032813 0.062500
2 0.750000 0.401195 0.025000 0.050551
1 0.743750 0.365349 0.063542 0.070772
1 0.777604 0.333640 0.061458 0.068015
1 0.809375 0.293199 0.047917 0.073529
1 0.888542 0.263787 0.022917 0.069853
