6 0.664844 0.700827 0.138021 0.381434
3 0.473438 0.591452 0.056250 0.157169
6 0.174740 0.280331 0.079687 0.080882
5 0.089583 0.388327 0.178125 0.271140
5 0.917969 0.249540 0.164062 0.497243
6 0.852083 0.293658 0.079167 0.215993
3 0.273958 0.444853 0.038542 0.069853
3 0.311198 0.549632 0.040104 0.101103
3 0.722135 0.507353 0.040104 0.115809
3 0.683333 0.308824 0.026042 0.042279
3 0.538021 0.318474 0.031250 0.079963
3 0.766667 0.363051 0.026042 0.136029
5 0.280990 0.141085 0.553646 0.234375
5 0.667969 0.147059 0.201563 0.283088
6 0.457813 0.255515 0.058333 0.126838
6 0.115625 0.492188 0.069792 0.188419
3 0.399219 0.345588 0.023438 0.034926
9 0.375000 0.369026 0.028125 0.072610
4 0.408333 0.391085 0.016667 0.045037
4 0.682292 0.346048 0.021875 0.034007
3 0.649479 0.228401 0.035417 0.048713
3 0.803125 0.255974 0.028125 0.081801
3 0.407552 0.861213 0.048438 0.165441
1 0.928906 0.797794 0.113021 0.145221
8 0.757292 0.649816 0.115625 0.132353
2 0.544531 0.592831 0.051562 0.099265
8 0.046875 0.827206 0.086458 0.071691
1 0.314323 0.642923 0.095312 0.090993
8 0.075000 0.562040 0.063542 0.078125
1 0.054688 0.689798 0.083333 0.067096
1 0.046354 0.759651 0.085417 0.067096
1 0.153385 0.615809 0.090104 0.068015
1 0.130729 0.682445 0.083333 0.079963
1 0.206510 0.554688 0.063021 0.041360
0 0.232031 0.589614 0.114062 0.111213
2 0.274740 0.511949 0.033854 0.051471
1 0.203646 0.366268 0.037500 0.045037
1 0.600781 0.451746 0.052604 0.076287
1 0.787240 0.494945 0.067187 0.072610
9 0.764583 0.530331 0.030208 0.117647
1 0.807813 0.461857 0.089583 0.067096
1 0.570052 0.377757 0.047396 0.055147
1 0.605990 0.406250 0.067187 0.058824
1 0.462240 0.370404 0.049479 0.044118
1 0.440365 0.336397 0.041146 0.042279
1 0.429948 0.383732 0.041146 0.045037
1 0.371354 0.344210 0.041667 0.030331
1 0.369792 0.368107 0.033333 0.043199
1 0.303906 0.320312 0.023438 0.034007
1 0.321354 0.311121 0.023958 0.028493
1 0.320052 0.348805 0.030729 0.032169
1 0.270313 0.314338 0.026042 0.027574
1 0.242188 0.322610 0.026042 0.025735
1 0.226562 0.290901 0.025000 0.024816
1 0.180990 0.301471 0.020313 0.023897
1 0.211979 0.312040 0.019792 0.024816
2 0.694010 0.363051 0.031771 0.049632
1 0.741406 0.362592 0.061979 0.074449
1 0.781250 0.335478 0.061458 0.053309
1 0.808594 0.308824 0.038021 0.047794
1 0.880208 0.261949 0.008333 0.034926
1 0.820573 0.279412 0.018229 0.034926
