6 0.683333 0.708180 0.132292 0.374081
3 0.311979 0.556066 0.052083 0.113971
3 0.274219 0.444853 0.034896 0.042279
6 0.111198 0.496783 0.085938 0.225184
5 0.282552 0.120404 0.560937 0.169118
5 0.086979 0.415441 0.166667 0.363971
5 0.639323 0.142004 0.157812 0.265625
5 0.916927 0.246324 0.166146 0.490809
3 0.474740 0.590993 0.042188 0.143382
3 0.409635 0.845129 0.059896 0.151654
6 0.850260 0.295956 0.091146 0.227941
6 0.450781 0.250919 0.072396 0.128676
7 0.650781 0.177390 0.080729 0.165441
3 0.652865 0.220588 0.027604 0.049632
3 0.728385 0.529871 0.034896 0.173713
9 0.761979 0.531250 0.035417 0.102941
3 0.403646 0.349724 0.025000 0.041360
9 0.372917 0.367647 0.030208 0.068015
4 0.405469 0.387868 0.019271 0.036765
3 0.542448 0.322151 0.034896 0.111213
3 0.685937 0.318015 0.022917 0.045956
4 0.680990 0.346967 0.016146 0.022978
3 0.762760 0.361213 0.036979 0.158088
9 0.803906 0.265625 0.028646 0.084559
1 0.384375 0.613051 0.103125 0.106618
6 0.171094 0.278033 0.079687 0.057904
1 0.052083 0.692096 0.083333 0.066176
1 0.043750 0.758732 0.086458 0.074449
1 0.152083 0.621324 0.090625 0.079044
1 0.140365 0.696232 0.090104 0.067096
1 0.212240 0.554228 0.058854 0.036765
0 0.238542 0.610294 0.117708 0.097426
2 0.276823 0.515625 0.029687 0.051471
2 0.610417 0.625000 0.042708 0.080882
8 0.447396 0.455882 0.070833 0.093750
1 0.314583 0.431526 0.051042 0.063419
1 0.598177 0.422335 0.069271 0.070772
1 0.623437 0.395680 0.060417 0.078125
1 0.814323 0.473805 0.073438 0.089154
1 0.442708 0.394761 0.043750 0.061581
1 0.455469 0.366728 0.039062 0.047794
1 0.476042 0.344210 0.044792 0.046875
1 0.381250 0.365809 0.037500 0.044118
1 0.386719 0.340074 0.038021 0.045956
1 0.339323 0.335478 0.027604 0.034926
1 0.367448 0.321232 0.025521 0.032169
1 0.298958 0.319853 0.028125 0.036765
1 0.269792 0.329044 0.028125 0.036765
1 0.307812 0.343290 0.034375 0.037684
1 0.269531 0.330882 0.024479 0.034926
1 0.243750 0.326287 0.022917 0.031250
1 0.226302 0.304688 0.018229 0.028493
1 0.201042 0.295956 0.020833 0.023897
2 0.689063 0.363051 0.018750 0.049632
2 0.699740 0.357537 0.019271 0.042279
1 0.728125 0.352022 0.045833 0.055147
1 0.756510 0.376379 0.044271 0.056066
1 0.766146 0.328125 0.035417 0.038603
1 0.792708 0.340993 0.034375 0.042279
1 0.798438 0.303309 0.029167 0.042279
1 0.823698 0.312960 0.021354 0.043199
1 0.820052 0.278952 0.014063 0.022978
1 0.880990 0.268382 0.010937 0.034926
1 0.901563 0.215533 0.019792 0.039522
