6 0.679948 0.684743 0.134896 0.433824
6 0.174219 0.272059 0.093229 0.112132
6 0.102083 0.487132 0.082292 0.204044
6 0.462760 0.250460 0.082812 0.149816
6 0.850000 0.298254 0.108333 0.232537
3 0.312240 0.548254 0.053646 0.135110
3 0.272656 0.446232 0.041146 0.057904
5 0.283333 0.115349 0.557292 0.177390
5 0.088542 0.431526 0.172917 0.352022
5 0.653125 0.145221 0.176042 0.272059
5 0.921615 0.261029 0.156771 0.516544
3 0.471615 0.594669 0.039062 0.143382
3 0.405469 0.856618 0.068229 0.194853
3 0.686719 0.308824 0.031771 0.049632
3 0.542969 0.314798 0.035937 0.102022
3 0.651823 0.233456 0.025521 0.044118
3 0.721875 0.504596 0.039583 0.125000
9 0.765365 0.528493 0.039062 0.099265
9 0.370052 0.364890 0.022396 0.062500
4 0.404427 0.380974 0.017188 0.030331
4 0.682813 0.344669 0.016667 0.040441
9 0.802344 0.257812 0.020313 0.061581
3 0.763021 0.353860 0.027083 0.161765
1 0.057292 0.670956 0.102083 0.090074
1 0.154688 0.611673 0.091667 0.079963
1 0.044792 0.748162 0.085417 0.088235
1 0.136458 0.693015 0.088542 0.090074
1 0.109635 0.795956 0.110937 0.108456
1 0.207813 0.549173 0.047917 0.052390
0 0.241927 0.600643 0.116146 0.133272
2 0.300000 0.498621 0.042708 0.045037
2 0.556771 0.620404 0.116667 0.125000
1 0.863281 0.736673 0.235937 0.280331
1 0.759375 0.587776 0.063542 0.105699
8 0.733854 0.630055 0.050000 0.102022
2 0.638542 0.388787 0.034375 0.058824
1 0.414844 0.367188 0.128646 0.085478
0 0.310937 0.325827 0.047917 0.070772
1 0.293490 0.319853 0.017188 0.027574
1 0.241927 0.318015 0.068229 0.068015
1 0.341667 0.325827 0.026042 0.037684
0 0.189323 0.297794 0.026562 0.034926
2 0.689583 0.362132 0.023958 0.038603
2 0.744271 0.390625 0.036458 0.051471
1 0.735677 0.359835 0.073438 0.068934
1 0.788542 0.313879 0.087500 0.081801
1 0.894010 0.259191 0.051562 0.099265
1 0.917448 0.180607 0.016146 0.034007
