6 0.680729 0.706342 0.145833 0.370404
6 0.108594 0.496324 0.063021 0.204044
6 0.164323 0.273897 0.074479 0.101103
6 0.454688 0.254596 0.083333 0.143382
6 0.853385 0.278033 0.089063 0.221507
5 0.915885 0.267923 0.168229 0.524816
5 0.281510 0.101562 0.557813 0.190257
5 0.658594 0.146140 0.186979 0.283088
5 0.080990 0.421875 0.158854 0.371324
7 0.644792 0.179688 0.077083 0.164522
3 0.276823 0.445772 0.042188 0.036765
3 0.306771 0.556526 0.035417 0.109375
3 0.472917 0.599265 0.045833 0.145221
3 0.409375 0.849265 0.051042 0.189338
3 0.402344 0.351103 0.029687 0.051471
9 0.370833 0.368107 0.029167 0.054228
4 0.403125 0.386489 0.026042 0.039522
9 0.759375 0.522978 0.044792 0.088235
3 0.728646 0.503217 0.035417 0.120404
3 0.769531 0.357996 0.039062 0.138787
3 0.541667 0.323070 0.046875 0.090993
3 0.651302 0.216912 0.022396 0.040441
3 0.682552 0.307445 0.022396 0.035846
4 0.678906 0.352482 0.016146 0.032169
9 0.802604 0.260570 0.025000 0.070772
1 0.054688 0.664522 0.087500 0.088235
1 0.154167 0.616728 0.080208 0.066176
1 0.044531 0.759191 0.084896 0.064338
1 0.133854 0.686581 0.085417 0.073529
1 0.299219 0.656250 0.090104 0.104779
1 0.060677 0.842371 0.075521 0.083640
1 0.210938 0.555147 0.062500 0.047794
0 0.237500 0.594669 0.103125 0.117647
1 0.140104 0.330882 0.027083 0.045956
0 0.414583 0.511029 0.103125 0.136029
0 0.707552 0.446691 0.102604 0.126838
1 0.828125 0.480239 0.071875 0.087316
1 0.866406 0.729320 0.217188 0.271140
1 0.754427 0.584559 0.067187 0.093750
8 0.730729 0.626838 0.047917 0.102941
2 0.545052 0.598346 0.114062 0.128676
2 0.281510 0.509191 0.042188 0.056985
1 0.455469 0.434743 0.060937 0.073529
1 0.442448 0.346507 0.077604 0.077206
1 0.379167 0.352022 0.048958 0.066176
1 0.321354 0.328585 0.067708 0.063419
2 0.292187 0.306526 0.021875 0.026654
0 0.249479 0.310662 0.035417 0.060662
1 0.273177 0.310202 0.025521 0.026654
1 0.176302 0.306526 0.016146 0.026654
2 0.691406 0.363051 0.035937 0.045956
2 0.750781 0.394761 0.031771 0.059743
1 0.741667 0.360754 0.065625 0.074449
1 0.774740 0.330882 0.067187 0.068015
1 0.812240 0.289982 0.049479 0.076287
1 0.889583 0.256893 0.029167 0.045037
1 0.924740 0.200368 0.033854 0.036765
