6 0.667448 0.698070 0.151562 0.379596
3 0.475781 0.590993 0.055729 0.169118
3 0.405469 0.849265 0.044271 0.172794
6 0.459115 0.255055 0.077604 0.147978
6 0.852083 0.290441 0.079167 0.187500
5 0.281510 0.123621 0.553646 0.212316
5 0.082552 0.451287 0.164062 0.404412
5 0.646354 0.141544 0.170833 0.270221
5 0.953125 0.277114 0.093750 0.484375
5 0.925260 0.116268 0.149479 0.221507
7 0.650000 0.181526 0.078125 0.147978
3 0.315365 0.556526 0.051562 0.116728
3 0.273958 0.441636 0.031250 0.056066
6 0.173437 0.281710 0.077083 0.065257
6 0.108594 0.496324 0.083854 0.209559
9 0.756510 0.522059 0.036979 0.123162
3 0.722656 0.503217 0.049479 0.159007
3 0.542448 0.318934 0.031771 0.095588
3 0.399219 0.346967 0.023438 0.035846
3 0.685937 0.312960 0.031250 0.054228
3 0.651042 0.222886 0.031250 0.050551
4 0.680990 0.343750 0.020313 0.034926
4 0.405990 0.393382 0.024479 0.040441
9 0.370573 0.369026 0.032813 0.059743
1 0.161458 0.751379 0.115625 0.111213
0 0.232031 0.599265 0.110937 0.106618
1 0.051302 0.695312 0.093229 0.054228
1 0.045573 0.755974 0.086979 0.074449
1 0.129427 0.607077 0.046354 0.056066
1 0.134375 0.684283 0.080208 0.085478
1 0.159896 0.620864 0.068750 0.054228
1 0.207292 0.551930 0.059375 0.034007
2 0.276042 0.510570 0.030208 0.056066
1 0.438542 0.474265 0.055208 0.082721
1 0.441146 0.562500 0.070833 0.099265
1 0.674740 0.449449 0.079687 0.084559
1 0.846875 0.490349 0.081250 0.102022
1 0.677865 0.413143 0.068229 0.065257
0 0.454427 0.391085 0.042188 0.087316
1 0.484896 0.341912 0.038542 0.042279
1 0.468229 0.360294 0.041667 0.044118
1 0.402865 0.375460 0.038021 0.043199
1 0.334635 0.352022 0.035937 0.038603
1 0.354687 0.334099 0.032292 0.028493
1 0.346875 0.313879 0.030208 0.024816
1 0.321354 0.323529 0.025000 0.034926
1 0.279167 0.314338 0.026042 0.027574
1 0.276823 0.299173 0.023438 0.034007
1 0.217188 0.312500 0.027083 0.033088
1 0.232552 0.301471 0.019271 0.025735
1 0.219010 0.289982 0.021354 0.021140
1 0.184635 0.301930 0.018229 0.024816
1 0.198177 0.310662 0.015104 0.020221
2 0.687500 0.363511 0.019792 0.039522
2 0.702083 0.356618 0.015625 0.044118
3 0.765885 0.357077 0.023438 0.157169
1 0.729167 0.353860 0.043750 0.056985
1 0.757552 0.369026 0.042188 0.052390
1 0.764323 0.320772 0.034896 0.040441
1 0.793490 0.338235 0.033854 0.047794
1 0.800781 0.301471 0.028646 0.040441
1 0.822917 0.311581 0.026042 0.042279
1 0.820312 0.279412 0.016667 0.031250
1 0.897135 0.237592 0.027604 0.037684
9 0.802083 0.262408 0.019792 0.070772
