6 0.676302 0.686581 0.173437 0.363971
6 0.104167 0.494026 0.067708 0.175551
6 0.164583 0.268382 0.095833 0.079044
5 0.281250 0.112592 0.550000 0.177390
5 0.653385 0.139706 0.176563 0.266544
7 0.651823 0.178309 0.088021 0.161765
5 0.919792 0.272059 0.160417 0.531250
6 0.454427 0.257353 0.082812 0.134191
5 0.080729 0.418199 0.158333 0.327206
6 0.860417 0.300551 0.084375 0.227941
3 0.309635 0.557904 0.047396 0.102941
3 0.277083 0.441176 0.023958 0.033088
3 0.475260 0.594669 0.045312 0.154412
3 0.399219 0.855239 0.069271 0.204963
3 0.404167 0.347886 0.025000 0.050551
9 0.373437 0.369945 0.022917 0.072610
4 0.405469 0.392923 0.023438 0.039522
3 0.541146 0.325827 0.035417 0.079963
3 0.722135 0.507353 0.052604 0.128676
9 0.763021 0.528952 0.029167 0.085478
3 0.654167 0.229320 0.025000 0.050551
3 0.687240 0.313419 0.028646 0.040441
3 0.770833 0.366728 0.034375 0.154412
4 0.683854 0.348805 0.020833 0.034007
9 0.801823 0.260110 0.029687 0.066176
1 0.060417 0.675092 0.090625 0.089154
1 0.048438 0.769301 0.089583 0.077206
1 0.157292 0.610294 0.089583 0.079044
1 0.138021 0.689338 0.085417 0.073529
1 0.211979 0.559283 0.058333 0.056066
0 0.241146 0.605699 0.112500 0.121324
2 0.277344 0.518382 0.036979 0.055147
1 0.155208 0.339154 0.027083 0.051471
1 0.223958 0.733456 0.097917 0.132353
1 0.395833 0.563879 0.105208 0.087316
0 0.455208 0.465993 0.065625 0.125000
0 0.604167 0.402574 0.079167 0.126838
1 0.683333 0.407169 0.058333 0.084559
2 0.550000 0.592831 0.113542 0.136029
1 0.866406 0.723805 0.236979 0.311581
1 0.763542 0.596967 0.063542 0.089154
8 0.729167 0.629136 0.036458 0.107537
1 0.903906 0.585938 0.095312 0.147978
1 0.437240 0.374081 0.053646 0.091912
1 0.372135 0.337776 0.084896 0.083640
1 0.301563 0.325827 0.053125 0.076287
0 0.232552 0.308364 0.031771 0.048713
1 0.273177 0.314338 0.055729 0.036765
2 0.749479 0.399357 0.021875 0.059743
2 0.691927 0.368107 0.038021 0.048713
1 0.745573 0.358915 0.059896 0.072610
1 0.790625 0.330882 0.091667 0.069853
1 0.892188 0.266544 0.035417 0.075368
1 0.934635 0.195772 0.045312 0.051471
1 0.944271 0.165441 0.040625 0.022059
