6 0.663542 0.713235 0.173958 0.380515
3 0.483854 0.587316 0.056250 0.150735
3 0.410417 0.847426 0.067708 0.181985
1 0.791146 0.458180 0.089583 0.118566
1 0.966927 0.546875 0.066146 0.139706
9 0.770052 0.537224 0.044271 0.114890
3 0.725781 0.515625 0.048438 0.143382
1 0.233073 0.698070 0.111979 0.105699
1 0.478906 0.522518 0.075521 0.100184
1 0.609896 0.431985 0.091667 0.088235
1 0.636458 0.401654 0.057292 0.073529
1 0.457292 0.457721 0.052083 0.071691
5 0.946094 0.289522 0.107813 0.503676
5 0.282813 0.121324 0.564583 0.207721
5 0.088802 0.439798 0.176563 0.403493
5 0.923958 0.112592 0.152083 0.212316
5 0.661458 0.136949 0.173958 0.272059
7 0.651563 0.187040 0.081250 0.144301
3 0.653385 0.226562 0.031771 0.052390
1 0.053906 0.691636 0.082812 0.078125
1 0.136719 0.688879 0.081771 0.079963
1 0.042188 0.766085 0.083333 0.087316
1 0.130990 0.607077 0.041146 0.068934
1 0.159375 0.627298 0.081250 0.057904
6 0.116406 0.496783 0.078646 0.215993
1 0.207552 0.551471 0.064062 0.049632
0 0.238542 0.596507 0.103125 0.110294
3 0.312500 0.556066 0.065625 0.110294
3 0.276042 0.439338 0.032292 0.053309
2 0.278646 0.514706 0.035417 0.062500
6 0.170833 0.284926 0.083333 0.082721
6 0.458073 0.255974 0.070312 0.147978
6 0.854427 0.295496 0.079687 0.221507
3 0.401302 0.351103 0.021354 0.036765
4 0.405729 0.396599 0.018750 0.045037
9 0.373698 0.366728 0.022396 0.058824
3 0.540365 0.325827 0.024479 0.092831
0 0.442188 0.385110 0.054167 0.084559
1 0.462500 0.346967 0.039583 0.048713
1 0.390104 0.368566 0.029167 0.051471
1 0.321354 0.347426 0.038542 0.036765
1 0.346875 0.332721 0.030208 0.033088
1 0.311198 0.324449 0.029687 0.033088
1 0.332292 0.313419 0.027083 0.036765
1 0.270573 0.311121 0.021354 0.032169
1 0.269010 0.296415 0.027604 0.028493
1 0.239063 0.323989 0.022917 0.026654
1 0.215104 0.312040 0.019792 0.032169
1 0.229167 0.305607 0.025000 0.026654
1 0.196354 0.310662 0.016667 0.020221
3 0.685417 0.311581 0.021875 0.038603
4 0.681250 0.347886 0.010417 0.024816
3 0.766146 0.360294 0.027083 0.134191
9 0.804948 0.260110 0.015104 0.068015
2 0.688542 0.363511 0.014583 0.037684
2 0.701042 0.355239 0.015625 0.037684
1 0.730729 0.355699 0.041667 0.055147
1 0.754687 0.371324 0.037500 0.053309
1 0.764583 0.323989 0.033333 0.050551
1 0.793490 0.341452 0.036979 0.046875
1 0.801823 0.304688 0.029687 0.039522
1 0.822917 0.309283 0.017708 0.043199
1 0.818750 0.277114 0.017708 0.032169
