6 0.671354 0.690257 0.143750 0.422794
3 0.310156 0.551930 0.053646 0.113051
5 0.277604 0.129596 0.554167 0.198529
5 0.086458 0.436581 0.171875 0.341912
5 0.917969 0.258732 0.164062 0.513787
6 0.110937 0.492647 0.072917 0.181985
6 0.854427 0.296415 0.079687 0.206801
6 0.455990 0.253676 0.061979 0.141544
6 0.172917 0.278493 0.067708 0.058824
5 0.665104 0.145680 0.177083 0.280331
7 0.649479 0.176471 0.072917 0.148897
3 0.475521 0.581801 0.035417 0.150735
3 0.397917 0.853401 0.090625 0.195772
3 0.273177 0.437040 0.032813 0.063419
3 0.311979 0.544118 0.047917 0.112132
3 0.652083 0.220588 0.026042 0.053309
3 0.402344 0.352022 0.028646 0.040441
9 0.370833 0.360754 0.025000 0.070772
4 0.405469 0.386949 0.022396 0.040441
3 0.726823 0.508732 0.028646 0.153493
9 0.760677 0.528033 0.032813 0.096507
3 0.765625 0.359835 0.028125 0.142463
3 0.685677 0.308364 0.024479 0.048713
4 0.679948 0.345129 0.023438 0.039522
3 0.541146 0.314798 0.027083 0.065257
1 0.054167 0.694853 0.083333 0.060662
1 0.051302 0.754596 0.084896 0.077206
1 0.149219 0.620404 0.094271 0.066176
1 0.130208 0.690717 0.094792 0.076287
1 0.209375 0.552390 0.056250 0.040441
0 0.235417 0.602022 0.119792 0.125000
1 0.399219 0.549173 0.076563 0.102022
2 0.278385 0.516544 0.027604 0.058824
1 0.919010 0.791360 0.103646 0.099265
2 0.912500 0.858456 0.054167 0.080882
2 0.543490 0.591912 0.045312 0.062500
1 0.921615 0.566176 0.156771 0.238971
1 0.800260 0.698529 0.095312 0.119485
8 0.721875 0.628676 0.038542 0.130515
1 0.533073 0.388327 0.075521 0.111213
1 0.634635 0.452206 0.076563 0.086397
1 0.546615 0.284926 0.041146 0.036765
1 0.384896 0.360294 0.059375 0.077206
1 0.288542 0.333180 0.079167 0.076287
1 0.217708 0.305607 0.037500 0.039522
2 0.695833 0.357537 0.031250 0.045956
2 0.750000 0.396140 0.027083 0.055147
1 0.742448 0.363051 0.063021 0.068015
1 0.778646 0.339154 0.063542 0.053309
1 0.807552 0.310662 0.042188 0.053309
9 0.800781 0.259191 0.025521 0.066176
1 0.889323 0.264706 0.021354 0.069853
1 0.820052 0.274357 0.020313 0.043199
