6 0.678385 0.697610 0.131771 0.360294
6 0.167708 0.281710 0.090625 0.087316
6 0.112240 0.481158 0.067187 0.188419
5 0.278385 0.109375 0.552604 0.183824
5 0.652604 0.136949 0.172917 0.268382
5 0.084896 0.416820 0.166667 0.352022
5 0.922917 0.251838 0.154167 0.492647
3 0.273958 0.442096 0.031250 0.058824
3 0.307812 0.544577 0.047917 0.100184
3 0.468750 0.585938 0.061458 0.153493
3 0.406250 0.849265 0.050000 0.189338
3 0.398177 0.341912 0.024479 0.045956
7 0.646615 0.190717 0.097396 0.135110
3 0.546615 0.321691 0.027604 0.086397
3 0.654167 0.223346 0.033333 0.044118
3 0.767969 0.364890 0.035937 0.158088
3 0.686458 0.312960 0.030208 0.041360
3 0.724479 0.515165 0.031250 0.129596
9 0.760156 0.518382 0.032813 0.091912
9 0.369792 0.356158 0.030208 0.079963
4 0.405469 0.392004 0.023438 0.035846
4 0.684375 0.343750 0.014583 0.031250
9 0.801302 0.256893 0.018229 0.065257
1 0.055469 0.680147 0.089063 0.086397
1 0.040625 0.752757 0.071875 0.084559
1 0.150521 0.615809 0.089583 0.056985
1 0.130729 0.681985 0.097917 0.086397
1 0.209375 0.727022 0.097917 0.099265
1 0.207292 0.551011 0.047917 0.039522
0 0.234896 0.604320 0.118750 0.102022
1 0.199219 0.389706 0.035937 0.060662
1 0.423958 0.528493 0.056250 0.099265
2 0.554167 0.602022 0.086458 0.110294
1 0.876042 0.728860 0.234375 0.283088
8 0.729427 0.627298 0.041146 0.103860
1 0.682292 0.439798 0.086458 0.089154
8 0.854427 0.501379 0.086979 0.111213
1 0.480990 0.411305 0.083854 0.135110
0 0.400781 0.352022 0.075521 0.082721
1 0.338542 0.341452 0.070833 0.065257
1 0.251042 0.306985 0.068750 0.058824
1 0.201302 0.295496 0.031771 0.034007
2 0.695833 0.364430 0.032292 0.050551
2 0.748437 0.390165 0.023958 0.045037
1 0.743750 0.360294 0.064583 0.064338
1 0.773958 0.332721 0.062500 0.056985
1 0.812500 0.301011 0.046875 0.070772
1 0.898177 0.268842 0.034896 0.083640
6 0.849740 0.285846 0.075521 0.204044
6 0.463542 0.264246 0.062500 0.136949
1 0.891667 0.259191 0.030208 0.069853
1 0.923438 0.192096 0.055208 0.044118
1 0.686458 0.278952 0.051042 0.041360
