6 0.680208 0.702665 0.144792 0.340993
6 0.113542 0.503217 0.081250 0.208640
6 0.162760 0.281250 0.104688 0.073529
5 0.280469 0.105239 0.555729 0.175551
5 0.083854 0.418658 0.166667 0.370404
5 0.649479 0.138327 0.162500 0.263787
5 0.922917 0.268382 0.154167 0.533088
6 0.852604 0.294118 0.102083 0.240809
6 0.453906 0.236673 0.063021 0.153493
7 0.652083 0.183824 0.091667 0.163603
3 0.483333 0.589614 0.036458 0.160846
3 0.412240 0.847426 0.058854 0.178309
3 0.278906 0.440717 0.036979 0.041360
3 0.315365 0.549173 0.073438 0.146140
3 0.398958 0.344210 0.018750 0.035846
9 0.375260 0.364430 0.028646 0.068934
4 0.405469 0.387408 0.023438 0.050551
3 0.725260 0.512868 0.025521 0.130515
9 0.765365 0.523438 0.040104 0.102022
3 0.684896 0.312040 0.022917 0.041360
3 0.541667 0.324449 0.026042 0.080882
3 0.759375 0.360294 0.035417 0.158088
9 0.800000 0.259191 0.025000 0.088235
1 0.053125 0.692096 0.080208 0.069853
1 0.046354 0.765165 0.083333 0.070772
1 0.046094 0.829044 0.078646 0.080882
1 0.156250 0.620864 0.087500 0.083640
1 0.136719 0.689338 0.076563 0.090074
1 0.207292 0.556066 0.047917 0.047794
0 0.238542 0.593750 0.121875 0.110294
2 0.278125 0.508732 0.032292 0.059743
1 0.508333 0.382353 0.078125 0.056985
1 0.470573 0.453125 0.046354 0.091912
2 0.550000 0.602941 0.042708 0.101103
1 0.802865 0.707261 0.102604 0.111213
1 0.921615 0.777114 0.094271 0.118566
2 0.909896 0.877757 0.095833 0.125000
8 0.729427 0.622702 0.046354 0.109375
1 0.834375 0.524816 0.107292 0.176471
1 0.394271 0.337776 0.062500 0.050551
1 0.411979 0.377757 0.037500 0.053309
1 0.333073 0.345588 0.046354 0.069853
1 0.286458 0.315717 0.035417 0.046875
8 0.249479 0.315717 0.027083 0.039522
1 0.191927 0.300092 0.036979 0.050551
0 0.228646 0.293658 0.023958 0.043199
4 0.680729 0.347426 0.019792 0.029412
2 0.694792 0.363511 0.028125 0.048713
2 0.750260 0.392923 0.029687 0.054228
1 0.742188 0.361213 0.062500 0.066176
1 0.776823 0.330882 0.067187 0.060662
1 0.808333 0.304228 0.048958 0.053309
1 0.821875 0.280331 0.022917 0.034926
1 0.889844 0.261029 0.022396 0.060662
1 0.020833 0.640625 0.040625 0.069853
