1 0.107031 0.697151 0.204687 0.204963
1 0.210677 0.552849 0.055729 0.057904
0 0.245833 0.596967 0.128125 0.138787
2 0.304688 0.496324 0.052083 0.049632
1 0.067187 0.561581 0.058333 0.066176
1 0.416667 0.363511 0.127083 0.113051
2 0.453906 0.436121 0.177604 0.089154
2 0.552865 0.582261 0.103646 0.147978
1 0.681250 0.405790 0.110417 0.102022
1 0.774479 0.330882 0.135417 0.101103
1 0.893490 0.236673 0.040104 0.074449
1 0.850521 0.715533 0.250000 0.337316
8 0.721875 0.622702 0.033333 0.094669
0 0.340625 0.329504 0.066667 0.096507
1 0.280990 0.322610 0.071354 0.075368
0 0.218490 0.306526 0.033854 0.052390
2 0.512500 0.346967 0.040625 0.067096
0 0.238281 0.593750 0.110937 0.102941
5 0.276042 0.114890 0.542708 0.187500
5 0.659375 0.153952 0.192708 0.298713
5 0.911979 0.250000 0.176042 0.496324
5 0.088542 0.411305 0.173958 0.304228
6 0.684375 0.706342 0.154167 0.385110
6 0.112240 0.495404 0.072396 0.191176
6 0.173698 0.273438 0.075521 0.087316
6 0.451823 0.253217 0.068229 0.159007
6 0.852604 0.306066 0.091667 0.220588
7 0.646615 0.175092 0.095312 0.182904
3 0.484635 0.586397 0.038021 0.159926
3 0.417448 0.851103 0.083854 0.200368
3 0.277865 0.443474 0.033854 0.059743
3 0.314063 0.560202 0.047917 0.118566
3 0.727083 0.507812 0.042708 0.142463
9 0.765104 0.534926 0.035417 0.102941
3 0.541406 0.321691 0.026562 0.093750
3 0.652865 0.227941 0.029687 0.049632
3 0.686198 0.308824 0.029687 0.040441
4 0.682292 0.351103 0.019792 0.031250
3 0.404167 0.339154 0.026042 0.047794
4 0.408073 0.394301 0.027604 0.040441
9 0.373958 0.371324 0.020833 0.069853
9 0.801823 0.257812 0.035937 0.085478
3 0.765625 0.358915 0.037500 0.138787
