6 0.657552 0.704044 0.168229 0.362132
6 0.113281 0.493566 0.076563 0.191176
6 0.166927 0.281250 0.086979 0.066176
6 0.851302 0.299173 0.080729 0.228860
6 0.458073 0.262408 0.075521 0.146140
5 0.642708 0.142463 0.161458 0.283088
5 0.924740 0.234835 0.150521 0.467831
5 0.086719 0.403493 0.169271 0.352941
5 0.266927 0.107537 0.532813 0.169118
7 0.651302 0.182904 0.085938 0.172794
3 0.273177 0.443934 0.036979 0.047794
3 0.309635 0.554228 0.035937 0.113971
3 0.402083 0.348805 0.023958 0.034007
9 0.372135 0.369026 0.027604 0.072610
4 0.403646 0.386489 0.016667 0.026654
3 0.723958 0.509651 0.039583 0.133272
9 0.761719 0.530331 0.039062 0.088235
3 0.539844 0.328125 0.029687 0.095588
3 0.682813 0.311121 0.035417 0.043199
3 0.652604 0.217371 0.025000 0.061581
4 0.680729 0.348805 0.018750 0.039522
1 0.058333 0.670956 0.083333 0.080882
1 0.053646 0.773897 0.100000 0.075368
1 0.151042 0.613971 0.090625 0.068015
1 0.134375 0.694393 0.093750 0.083640
3 0.763802 0.349265 0.035937 0.137868
9 0.801042 0.267923 0.023958 0.100184
1 0.228125 0.708180 0.103125 0.103860
1 0.215365 0.550551 0.064062 0.044118
0 0.232552 0.602482 0.127604 0.127757
0 0.385937 0.568474 0.135417 0.131434
1 0.444271 0.456801 0.045833 0.091912
2 0.560677 0.613511 0.113021 0.113051
3 0.480208 0.593750 0.042708 0.156250
3 0.404948 0.860294 0.080729 0.181985
1 0.436198 0.342831 0.069271 0.080882
1 0.388021 0.355239 0.044792 0.061581
1 0.335677 0.333640 0.057813 0.075368
1 0.283073 0.315717 0.027604 0.035846
2 0.490365 0.291820 0.022396 0.030331
0 0.257292 0.318934 0.041667 0.053309
1 0.185417 0.304688 0.020833 0.021140
1 0.866927 0.744945 0.219271 0.298713
1 0.752083 0.589154 0.069792 0.095588
8 0.727604 0.637408 0.032292 0.083640
0 0.778125 0.476562 0.104167 0.136949
1 0.907292 0.525735 0.077083 0.106618
2 0.696875 0.361673 0.037500 0.063419
2 0.749740 0.397059 0.024479 0.047794
1 0.741927 0.360754 0.060937 0.059743
1 0.778385 0.337776 0.061979 0.059743
1 0.807031 0.294118 0.050521 0.077206
1 0.889062 0.260110 0.034375 0.056985
1 0.921354 0.209099 0.031250 0.041360
