6 0.679948 0.712316 0.131771 0.363971
3 0.477865 0.594669 0.034896 0.154412
3 0.407552 0.864430 0.051562 0.171875
6 0.109635 0.487132 0.060937 0.207721
5 0.079948 0.439798 0.155729 0.381434
5 0.277344 0.119485 0.550521 0.176471
5 0.920833 0.263327 0.158333 0.522978
6 0.851042 0.285846 0.081250 0.191176
6 0.460938 0.261029 0.079167 0.150735
3 0.540625 0.318934 0.031250 0.084559
3 0.308333 0.548254 0.055208 0.105699
3 0.275781 0.448529 0.034896 0.064338
7 0.653125 0.187960 0.085417 0.144301
3 0.655469 0.228860 0.023438 0.029412
3 0.656510 0.135110 0.183854 0.268382
3 0.687500 0.310202 0.032292 0.065257
3 0.399219 0.349265 0.022396 0.031250
9 0.373958 0.366728 0.027083 0.066176
4 0.404167 0.383732 0.017708 0.030331
3 0.723958 0.507353 0.035417 0.112132
9 0.761979 0.523897 0.035417 0.115809
6 0.168750 0.271140 0.080208 0.084559
2 0.883854 0.827665 0.064583 0.107537
1 0.320312 0.667739 0.116667 0.116728
1 0.078646 0.824449 0.097917 0.099265
1 0.053385 0.693934 0.084896 0.062500
1 0.044271 0.760570 0.087500 0.063419
1 0.129167 0.613511 0.045833 0.056066
1 0.139323 0.691176 0.083854 0.069853
1 0.163802 0.627298 0.077604 0.057904
1 0.211979 0.554688 0.060417 0.034007
0 0.229167 0.602941 0.105208 0.108456
1 0.730208 0.435662 0.060417 0.071691
1 0.771875 0.491268 0.072917 0.079963
9 0.804948 0.262868 0.022396 0.079044
4 0.683333 0.345588 0.023958 0.040441
1 0.488542 0.411305 0.058333 0.061581
1 0.417448 0.414522 0.056771 0.056985
1 0.558333 0.381893 0.056250 0.063419
1 0.461458 0.341912 0.045833 0.033088
1 0.444531 0.364430 0.041146 0.037684
8 0.424219 0.376379 0.041146 0.059743
1 0.357812 0.362132 0.034375 0.044118
1 0.361198 0.321232 0.031771 0.035846
1 0.372917 0.343290 0.027083 0.032169
1 0.307292 0.344669 0.029167 0.033088
1 0.188802 0.298713 0.021354 0.020221
1 0.229687 0.322610 0.025000 0.023897
1 0.288021 0.318934 0.028125 0.038603
1 0.332292 0.328125 0.029167 0.040441
1 0.372135 0.342831 0.030729 0.029412
1 0.247656 0.313879 0.023438 0.026654
1 0.284115 0.303309 0.020313 0.018382
2 0.687500 0.363971 0.020833 0.040441
2 0.698958 0.356158 0.017708 0.037684
3 0.764583 0.358915 0.028125 0.131434
1 0.729427 0.351103 0.047396 0.056985
1 0.755469 0.372243 0.035937 0.047794
1 0.765104 0.321691 0.032292 0.044118
1 0.794010 0.340993 0.031771 0.044118
1 0.800000 0.302390 0.027083 0.036765
1 0.820573 0.309743 0.021354 0.045956
1 0.883594 0.257353 0.020313 0.040441
1 0.922656 0.192555 0.021354 0.035846
2 0.939583 0.185662 0.016667 0.040441
