6 0.666406 0.714154 0.170313 0.382353
3 0.482552 0.599724 0.056771 0.181066
3 0.409635 0.848346 0.056771 0.147059
1 0.242708 0.707721 0.119792 0.126838
1 0.406771 0.555607 0.083333 0.127757
1 0.053125 0.698529 0.093750 0.056985
1 0.045052 0.757353 0.089063 0.069853
1 0.141146 0.694393 0.085417 0.078125
1 0.131250 0.607537 0.059375 0.062500
1 0.161979 0.630515 0.070833 0.060662
6 0.113021 0.494945 0.079167 0.212316
5 0.080208 0.378676 0.159375 0.314338
2 0.275521 0.505974 0.043750 0.065257
3 0.311458 0.559283 0.047917 0.107537
3 0.281771 0.454504 0.037500 0.067096
6 0.174219 0.289062 0.084896 0.074449
3 0.722135 0.507353 0.048438 0.136029
9 0.760156 0.538603 0.036979 0.117647
1 0.890625 0.573989 0.080208 0.120404
1 0.884115 0.507353 0.089063 0.099265
5 0.946615 0.274816 0.106771 0.536765
6 0.849219 0.283548 0.097396 0.215993
1 0.608594 0.418658 0.070312 0.098346
1 0.694271 0.421875 0.066667 0.084559
1 0.444531 0.402574 0.047396 0.073529
1 0.529167 0.370404 0.063542 0.066176
4 0.405990 0.398438 0.022396 0.046875
3 0.404948 0.373621 0.028646 0.079963
1 0.364063 0.363971 0.037500 0.051471
1 0.425000 0.357996 0.040625 0.050551
1 0.449479 0.338695 0.045833 0.056066
0 0.321354 0.337776 0.039583 0.061581
0 0.235937 0.599724 0.108333 0.074449
1 0.210677 0.553309 0.058854 0.044118
1 0.282031 0.337316 0.026562 0.040441
1 0.350781 0.334559 0.033854 0.036765
1 0.371094 0.327665 0.030729 0.041360
6 0.456771 0.259651 0.063542 0.131434
1 0.277604 0.316636 0.028125 0.030331
1 0.243490 0.324449 0.024479 0.027574
5 0.288021 0.153033 0.568750 0.258272
5 0.662760 0.126379 0.196354 0.250919
7 0.649740 0.181066 0.091146 0.158088
5 0.919271 0.083640 0.161458 0.163603
2 0.688802 0.363971 0.023438 0.045956
2 0.701302 0.357077 0.019271 0.043199
3 0.685417 0.314338 0.028125 0.049632
4 0.682031 0.353860 0.018229 0.038603
3 0.544010 0.318474 0.022396 0.089154
3 0.655990 0.228860 0.023438 0.038603
3 0.763802 0.360754 0.026562 0.142463
1 0.756510 0.378217 0.041146 0.052390
1 0.734635 0.356158 0.041146 0.059743
1 0.794010 0.339154 0.034896 0.055147
1 0.765885 0.323989 0.041146 0.050551
1 0.800521 0.305607 0.032292 0.045037
1 0.824219 0.309283 0.024479 0.048713
9 0.803646 0.259651 0.020833 0.074449
