6 0.673438 0.686121 0.139583 0.388787
3 0.311198 0.562500 0.048438 0.121324
6 0.104688 0.500919 0.091667 0.205882
3 0.271615 0.445772 0.031771 0.047794
6 0.166406 0.271140 0.079687 0.073529
6 0.848958 0.290441 0.089583 0.215074
6 0.458333 0.254596 0.067708 0.158088
7 0.651302 0.191176 0.097396 0.159926
5 0.275000 0.102941 0.548958 0.172794
5 0.090104 0.426471 0.179167 0.351103
5 0.923958 0.265625 0.152083 0.514706
5 0.663281 0.144761 0.202604 0.285846
3 0.474740 0.597886 0.054688 0.160846
3 0.411979 0.847426 0.062500 0.181985
3 0.685937 0.304228 0.031250 0.051471
3 0.652083 0.225184 0.037500 0.051471
3 0.540625 0.321691 0.035417 0.101103
3 0.398177 0.345129 0.025521 0.041360
9 0.370833 0.361213 0.032292 0.069853
4 0.408594 0.389706 0.020313 0.042279
3 0.718750 0.508272 0.054167 0.125000
9 0.764583 0.526654 0.036458 0.110294
3 0.768490 0.365809 0.042188 0.169118
9 0.799740 0.263327 0.025521 0.074449
1 0.056250 0.680147 0.083333 0.093750
4 0.679167 0.347426 0.017708 0.038603
1 0.040104 0.754136 0.079167 0.083640
1 0.151823 0.619945 0.082812 0.094669
1 0.135417 0.691176 0.079167 0.075368
1 0.177083 0.742647 0.088542 0.106618
1 0.202865 0.553309 0.056771 0.036765
0 0.242188 0.600184 0.106250 0.125000
2 0.275000 0.501838 0.038542 0.066176
2 0.568750 0.610754 0.094792 0.127757
1 0.794271 0.700368 0.102083 0.123162
1 0.929948 0.755515 0.114062 0.226103
8 0.722656 0.624081 0.033854 0.113971
1 0.849479 0.534926 0.118750 0.137868
1 0.445052 0.502298 0.056771 0.094669
1 0.487240 0.404412 0.107813 0.077206
8 0.614323 0.394761 0.070312 0.094669
1 0.405729 0.358915 0.121875 0.078125
1 0.493229 0.300092 0.045833 0.057904
1 0.156771 0.458640 0.051042 0.051471
0 0.314583 0.330423 0.064583 0.092831
1 0.237500 0.314338 0.086458 0.058824
2 0.696875 0.361673 0.039583 0.059743
2 0.750260 0.400735 0.035937 0.060662
1 0.740625 0.360294 0.062500 0.069853
1 0.772135 0.328585 0.067187 0.072610
1 0.809896 0.294118 0.046875 0.073529
1 0.890625 0.265165 0.033333 0.063419
