6 0.674740 0.702206 0.145313 0.378676
6 0.167448 0.269761 0.077604 0.089154
6 0.113021 0.487132 0.087500 0.193015
6 0.663281 0.151195 0.201563 0.291360
5 0.275000 0.117647 0.544792 0.202206
5 0.084115 0.425551 0.159896 0.371324
5 0.915625 0.259191 0.168750 0.512868
6 0.855729 0.274357 0.085417 0.192096
6 0.452344 0.244945 0.086979 0.131434
7 0.653646 0.187040 0.087500 0.179228
3 0.305990 0.540441 0.053646 0.130515
3 0.277083 0.446691 0.033333 0.045956
3 0.469531 0.584559 0.051562 0.174632
3 0.406250 0.855699 0.061458 0.172794
3 0.398438 0.345129 0.027083 0.039522
9 0.372917 0.376838 0.034375 0.073529
4 0.401823 0.386489 0.024479 0.041360
9 0.758594 0.522978 0.041146 0.102941
3 0.720052 0.511949 0.051562 0.139706
3 0.541406 0.318015 0.032813 0.102941
3 0.652604 0.227022 0.027083 0.047794
3 0.689063 0.304688 0.029167 0.039522
4 0.683073 0.351103 0.016146 0.031250
3 0.760677 0.364430 0.024479 0.144301
9 0.807292 0.247702 0.026042 0.065257
1 0.108854 0.699908 0.210417 0.162684
1 0.149740 0.607537 0.095312 0.073529
1 0.212500 0.549173 0.053125 0.037684
0 0.235417 0.592371 0.107292 0.120404
2 0.297396 0.495864 0.047917 0.048713
2 0.551042 0.596048 0.122917 0.135110
1 0.873437 0.725643 0.241667 0.265625
1 0.757292 0.591452 0.056250 0.092831
8 0.730469 0.623162 0.055729 0.073529
2 0.573958 0.408548 0.048958 0.072610
2 0.670573 0.377298 0.038021 0.061581
1 0.413542 0.352482 0.133333 0.107537
0 0.321875 0.326287 0.046875 0.068015
1 0.347396 0.331342 0.017708 0.034007
1 0.249219 0.315717 0.083854 0.092831
0 0.197917 0.305607 0.035417 0.048713
1 0.750781 0.334559 0.144271 0.112132
2 0.730990 0.407629 0.035937 0.072610
1 0.822917 0.279412 0.018750 0.033088
1 0.904687 0.240809 0.067708 0.086397
1 0.928906 0.178768 0.018229 0.039522
2 0.881510 0.302849 0.008854 0.030331
