6 0.681250 0.710478 0.144792 0.382353
0 0.297656 0.635570 0.108854 0.136949
1 0.043490 0.823989 0.067187 0.063419
1 0.431771 0.512868 0.062500 0.104779
3 0.483333 0.594669 0.055208 0.161765
3 0.410938 0.852941 0.052083 0.170956
1 0.837760 0.496324 0.067187 0.121324
1 0.959375 0.580882 0.081250 0.145221
1 0.055990 0.689798 0.086979 0.065257
1 0.043750 0.760110 0.078125 0.080882
1 0.131771 0.686581 0.083333 0.088235
1 0.133594 0.611673 0.038021 0.057904
1 0.161979 0.633732 0.081250 0.067096
5 0.278646 0.133732 0.552083 0.182904
5 0.936719 0.288143 0.126562 0.500919
5 0.922656 0.104779 0.154688 0.205882
5 0.079687 0.460938 0.158333 0.390625
6 0.109115 0.500000 0.076563 0.202206
6 0.174740 0.281710 0.078646 0.072610
6 0.460677 0.271140 0.074479 0.139706
6 0.848698 0.297794 0.084896 0.224265
7 0.650000 0.191636 0.091667 0.171875
5 0.655729 0.130515 0.175000 0.257353
1 0.206250 0.550092 0.078125 0.059743
0 0.238802 0.611213 0.101562 0.099265
3 0.306250 0.533088 0.042708 0.069853
3 0.277344 0.448989 0.046354 0.056066
2 0.275521 0.517004 0.037500 0.057904
1 0.458854 0.372702 0.060417 0.045037
1 0.452344 0.408548 0.066146 0.070772
1 0.560156 0.377757 0.058854 0.077206
9 0.759896 0.535846 0.031250 0.106618
3 0.726042 0.500460 0.039583 0.107537
3 0.683333 0.312960 0.026042 0.041360
4 0.677344 0.347426 0.028646 0.056985
1 0.752083 0.373621 0.048958 0.059743
3 0.654167 0.234835 0.028125 0.061581
1 0.367448 0.338235 0.034896 0.042279
1 0.403906 0.355699 0.040104 0.040441
3 0.402604 0.350643 0.017708 0.035846
4 0.404427 0.391544 0.020313 0.044118
1 0.323698 0.351103 0.032813 0.038603
1 0.396615 0.324449 0.044271 0.042279
1 0.310417 0.324449 0.034375 0.029412
1 0.324740 0.311581 0.032813 0.036765
1 0.279427 0.327206 0.025521 0.036765
1 0.235417 0.290901 0.022917 0.021140
1 0.248438 0.327206 0.021875 0.031250
1 0.225000 0.315257 0.025000 0.031250
1 0.203646 0.300551 0.026042 0.027574
1 0.203646 0.288143 0.016667 0.024816
2 0.688021 0.364890 0.019792 0.047794
2 0.697917 0.357077 0.021875 0.041360
1 0.755469 0.369485 0.034896 0.055147
1 0.732812 0.358915 0.041667 0.056066
3 0.766406 0.355239 0.035937 0.131434
1 0.766146 0.322151 0.036458 0.045037
1 0.792708 0.338695 0.042708 0.046875
1 0.801562 0.301930 0.030208 0.048713
1 0.823698 0.319393 0.026562 0.045037
1 0.795833 0.349265 0.039583 0.056985
1 0.908073 0.215993 0.022396 0.036765
