6 0.680729 0.715533 0.166667 0.396140
6 0.109635 0.484835 0.072396 0.188419
6 0.172656 0.272518 0.086979 0.083640
5 0.271615 0.095588 0.534896 0.159926
5 0.647396 0.137868 0.191667 0.264706
5 0.913281 0.260570 0.173437 0.519301
6 0.855990 0.294577 0.074479 0.215993
6 0.457292 0.258732 0.047917 0.138787
7 0.645833 0.178309 0.095833 0.152574
3 0.271615 0.440257 0.034896 0.066176
3 0.311979 0.556526 0.064583 0.118566
3 0.471875 0.581342 0.035417 0.166360
3 0.411198 0.854779 0.043229 0.181985
3 0.543750 0.318474 0.034375 0.065257
3 0.401042 0.347426 0.021875 0.038603
9 0.373177 0.368566 0.025521 0.055147
4 0.404948 0.389706 0.026562 0.033088
3 0.684115 0.306526 0.031771 0.052390
3 0.653125 0.229779 0.027083 0.044118
4 0.680729 0.345588 0.016667 0.027574
3 0.728125 0.517923 0.036458 0.135110
9 0.761979 0.528493 0.039583 0.110294
3 0.769010 0.357537 0.029687 0.139706
9 0.801823 0.264706 0.029687 0.077206
1 0.064062 0.671875 0.083333 0.106618
1 0.050260 0.757353 0.075521 0.071691
1 0.158333 0.614890 0.092708 0.077206
1 0.139583 0.698070 0.090625 0.083640
1 0.214844 0.553768 0.049479 0.050551
0 0.233073 0.599724 0.113021 0.098346
1 0.294271 0.682445 0.127083 0.131434
1 0.082812 0.818474 0.116667 0.096507
1 0.420573 0.546875 0.074479 0.084559
0 0.464323 0.441636 0.057813 0.107537
0 0.566927 0.383272 0.058854 0.110294
2 0.277865 0.511029 0.035937 0.053309
1 0.158594 0.349265 0.038021 0.038603
2 0.551302 0.614430 0.122396 0.105699
1 0.879427 0.740809 0.236979 0.292279
1 0.760677 0.593750 0.088021 0.093750
8 0.727344 0.640625 0.038021 0.106618
1 0.629948 0.397978 0.069271 0.091912
1 0.815104 0.528033 0.077083 0.103860
1 0.968490 0.599724 0.063021 0.100184
1 0.406250 0.340074 0.085417 0.068015
1 0.432812 0.389706 0.046875 0.049632
1 0.350000 0.351562 0.051042 0.074449
1 0.287760 0.321691 0.049479 0.051471
0 0.228906 0.306526 0.032813 0.043199
1 0.246354 0.306066 0.021875 0.031250
2 0.695312 0.365809 0.034375 0.055147
2 0.748437 0.392923 0.027083 0.054228
1 0.742969 0.363511 0.066146 0.068934
1 0.779167 0.318015 0.068750 0.079044
1 0.823438 0.299632 0.017708 0.073529
1 0.890625 0.268842 0.025000 0.063419
1 0.931510 0.186581 0.035937 0.060662
