6 0.677865 0.711397 0.165104 0.338235
3 0.476302 0.591912 0.040104 0.145221
6 0.115365 0.508732 0.072396 0.206801
6 0.166406 0.278952 0.078646 0.068934
3 0.409375 0.862592 0.064583 0.175551
5 0.280208 0.117647 0.559375 0.204044
3 0.314323 0.551930 0.053646 0.114890
3 0.276042 0.437040 0.032292 0.048713
9 0.759896 0.528493 0.033333 0.099265
3 0.725000 0.517923 0.023958 0.136949
6 0.455469 0.260570 0.059896 0.129596
6 0.850000 0.281250 0.084375 0.200368
5 0.644792 0.136029 0.161458 0.268382
5 0.927083 0.240809 0.145833 0.461397
5 0.082031 0.421415 0.156771 0.346507
3 0.688542 0.314338 0.031250 0.053309
3 0.539323 0.325827 0.029687 0.087316
3 0.403646 0.344669 0.020833 0.040441
9 0.372396 0.372243 0.018750 0.058824
4 0.405208 0.389246 0.013542 0.019301
4 0.682292 0.348346 0.017708 0.025735
7 0.645833 0.183364 0.071875 0.142463
3 0.651042 0.226103 0.023958 0.045956
9 0.796354 0.263787 0.031250 0.066176
3 0.763542 0.353401 0.040625 0.157169
1 0.173437 0.739430 0.114583 0.100184
1 0.050260 0.697610 0.078646 0.062500
1 0.042969 0.755515 0.077604 0.075368
1 0.151302 0.626379 0.090104 0.072610
1 0.135156 0.688419 0.071354 0.069853
1 0.211198 0.554688 0.059896 0.046875
8 0.123958 0.502757 0.051042 0.051471
0 0.236458 0.602022 0.101042 0.091912
2 0.277865 0.511489 0.031771 0.054228
2 0.544010 0.587316 0.049479 0.073529
1 0.868229 0.742647 0.114583 0.108456
8 0.739323 0.642463 0.070312 0.121324
1 0.937500 0.566176 0.103125 0.180147
1 0.464583 0.403493 0.053125 0.058824
1 0.515885 0.389706 0.055729 0.060662
1 0.504167 0.348346 0.048958 0.069853
1 0.646875 0.406250 0.063542 0.073529
1 0.706771 0.467831 0.079167 0.125000
1 0.350781 0.359375 0.032813 0.034926
1 0.359896 0.317096 0.035417 0.042279
1 0.322135 0.328125 0.029687 0.038603
1 0.291406 0.317096 0.023438 0.033088
1 0.263021 0.328585 0.021875 0.030331
1 0.270313 0.301471 0.017708 0.025735
1 0.244792 0.295037 0.020833 0.033088
1 0.190625 0.302390 0.019792 0.029412
1 0.221875 0.311581 0.021875 0.034926
1 0.183073 0.355239 0.025521 0.028493
2 0.694531 0.361673 0.033854 0.046875
1 0.742448 0.363051 0.060937 0.073529
2 0.794010 0.359835 0.019271 0.032169
1 0.777865 0.334559 0.050521 0.055147
1 0.807813 0.313419 0.047917 0.055147
1 0.821875 0.280331 0.020833 0.034926
1 0.883594 0.271599 0.011979 0.048713
