6 0.665104 0.696691 0.137500 0.382353
6 0.172656 0.274357 0.071354 0.057904
7 0.649479 0.170037 0.087500 0.176471
5 0.922917 0.246324 0.154167 0.488971
6 0.111458 0.503217 0.092708 0.210478
6 0.856771 0.302390 0.095833 0.227941
6 0.460677 0.259651 0.082812 0.133272
5 0.276562 0.120864 0.547917 0.201287
5 0.085417 0.437500 0.167708 0.378676
5 0.660156 0.140165 0.188021 0.276654
3 0.316146 0.558824 0.060417 0.141544
3 0.413021 0.863971 0.060417 0.194853
3 0.477083 0.597426 0.045833 0.178309
3 0.273177 0.443015 0.038021 0.058824
3 0.402604 0.353401 0.031250 0.054228
9 0.371615 0.370404 0.027604 0.069853
4 0.405469 0.388787 0.019271 0.036765
3 0.685677 0.310662 0.025521 0.051471
3 0.725521 0.505974 0.033333 0.146140
3 0.538021 0.318015 0.035417 0.115809
9 0.761458 0.526195 0.038542 0.092831
3 0.767969 0.366728 0.031771 0.154412
9 0.806250 0.256434 0.025000 0.080882
1 0.052083 0.696691 0.086458 0.058824
1 0.047396 0.762408 0.087500 0.081801
1 0.151042 0.619945 0.086458 0.079963
1 0.136979 0.694853 0.097917 0.086397
1 0.207813 0.551930 0.066667 0.054228
0 0.240885 0.601103 0.102604 0.117647
2 0.276302 0.513327 0.040104 0.072610
1 0.442969 0.498162 0.064062 0.080882
1 0.576562 0.403033 0.077083 0.103860
1 0.956510 0.592831 0.086979 0.194853
2 0.541667 0.593750 0.062500 0.088235
2 0.614844 0.621783 0.053646 0.090993
2 0.770052 0.748162 0.080729 0.148897
1 0.798698 0.691176 0.098437 0.101103
1 0.923698 0.794577 0.105729 0.166360
8 0.732031 0.623162 0.068229 0.137868
1 0.431510 0.347426 0.088021 0.056985
1 0.444010 0.391544 0.050521 0.079044
1 0.368490 0.350184 0.045312 0.091912
1 0.319271 0.312960 0.055208 0.041360
1 0.288802 0.336397 0.023438 0.031250
0 0.255469 0.310662 0.048438 0.058824
1 0.206771 0.307445 0.050000 0.054228
4 0.683073 0.350643 0.018229 0.030331
2 0.695833 0.361213 0.031250 0.055147
2 0.749740 0.392463 0.023438 0.053309
1 0.740885 0.362132 0.060937 0.077206
1 0.777865 0.334559 0.067187 0.062500
1 0.810677 0.302390 0.052604 0.056985
1 0.888802 0.261489 0.017188 0.063419
1 0.069531 0.573989 0.060937 0.085478
