6 0.682292 0.691636 0.152083 0.414522
6 0.461458 0.248621 0.073958 0.155331
6 0.107292 0.497702 0.057292 0.199449
6 0.852344 0.289062 0.078646 0.221507
5 0.650521 0.138327 0.175000 0.271140
5 0.922656 0.264706 0.154688 0.518382
6 0.175000 0.275276 0.091667 0.078125
5 0.272917 0.116728 0.541667 0.194853
5 0.094010 0.419118 0.174479 0.340074
1 0.106771 0.704504 0.200000 0.170037
1 0.154948 0.606618 0.090104 0.093750
1 0.208333 0.551011 0.061458 0.054228
0 0.240365 0.586397 0.118229 0.130515
2 0.303906 0.505974 0.061979 0.052390
7 0.647917 0.173254 0.095833 0.157169
2 0.551302 0.596967 0.114062 0.140625
1 0.852083 0.710938 0.261458 0.331801
8 0.728646 0.632812 0.054167 0.107537
3 0.405208 0.843750 0.073958 0.196691
3 0.468229 0.598805 0.054167 0.171875
3 0.282813 0.461857 0.033333 0.102022
3 0.316146 0.566176 0.043750 0.130515
3 0.401823 0.349724 0.022396 0.037684
9 0.373437 0.368566 0.021875 0.056985
4 0.406510 0.390165 0.025521 0.030331
1 0.419531 0.360754 0.132812 0.114890
0 0.322917 0.328585 0.047917 0.076287
1 0.349219 0.327206 0.016146 0.025735
1 0.270833 0.318015 0.088542 0.069853
0 0.200521 0.298254 0.043750 0.039522
2 0.547917 0.407629 0.052083 0.076287
3 0.544531 0.319393 0.033854 0.074449
3 0.653385 0.224265 0.021354 0.031250
4 0.679948 0.355239 0.022396 0.037684
3 0.719271 0.514246 0.053125 0.122243
9 0.762500 0.529412 0.027083 0.093750
3 0.766667 0.358456 0.028125 0.139706
9 0.805729 0.262868 0.019792 0.068015
2 0.648958 0.380515 0.025000 0.044118
2 0.714063 0.420496 0.030208 0.048713
1 0.759635 0.322151 0.161979 0.157169
1 0.899740 0.210938 0.102604 0.160846
