6 0.667708 0.693934 0.130208 0.376838
6 0.113542 0.494485 0.078125 0.200368
6 0.169271 0.291360 0.091667 0.077206
6 0.864323 0.306526 0.095312 0.206801
6 0.454427 0.250000 0.050521 0.128676
5 0.276042 0.120404 0.547917 0.194853
5 0.084375 0.420956 0.167708 0.358456
5 0.930208 0.263327 0.139583 0.522978
5 0.651823 0.143382 0.163021 0.275735
7 0.657292 0.186121 0.089583 0.153493
3 0.317188 0.543199 0.050000 0.102941
3 0.277604 0.441636 0.037500 0.054228
3 0.472656 0.589154 0.054688 0.172794
3 0.413802 0.836857 0.077604 0.170037
3 0.723698 0.495864 0.055729 0.142463
3 0.689063 0.314338 0.035417 0.058824
3 0.543490 0.323070 0.042188 0.090993
3 0.650000 0.225184 0.020833 0.040441
9 0.370833 0.367647 0.025000 0.064338
4 0.407292 0.389246 0.022917 0.039522
3 0.768229 0.354779 0.035417 0.139706
4 0.682813 0.341912 0.014583 0.031250
9 0.760677 0.528493 0.028646 0.102941
9 0.800260 0.259191 0.024479 0.064338
1 0.059115 0.667739 0.084896 0.102022
1 0.166927 0.436121 0.061979 0.067096
1 0.157292 0.613511 0.084375 0.100184
1 0.047135 0.753676 0.073438 0.069853
1 0.139063 0.699449 0.087500 0.117647
1 0.098698 0.803768 0.109896 0.109375
1 0.202865 0.554228 0.055729 0.058824
0 0.238802 0.600643 0.101562 0.125919
2 0.279687 0.513787 0.037500 0.047794
1 0.428125 0.522059 0.065625 0.108456
8 0.651042 0.410846 0.080208 0.095588
2 0.566667 0.606618 0.080208 0.145221
1 0.910417 0.743566 0.134375 0.238971
1 0.805729 0.711397 0.104167 0.148897
1 0.915885 0.546415 0.093229 0.124081
8 0.721875 0.623621 0.042708 0.116728
1 0.462500 0.390165 0.057292 0.107537
1 0.546615 0.386029 0.059896 0.077206
1 0.393229 0.358915 0.058333 0.079963
0 0.328385 0.320772 0.073438 0.091912
1 0.274219 0.308824 0.044271 0.069853
1 0.214583 0.302390 0.056250 0.056985
1 0.534896 0.287684 0.047917 0.029412
1 0.743750 0.364430 0.064583 0.065257
2 0.697135 0.360294 0.033854 0.047794
2 0.747917 0.394761 0.026042 0.052390
1 0.776302 0.329963 0.053646 0.055147
1 0.811458 0.294577 0.046875 0.070772
1 0.890104 0.262408 0.031250 0.072610
1 0.877344 0.211857 0.015104 0.034007
