6 0.663542 0.703585 0.134375 0.381434
6 0.103906 0.496783 0.071354 0.208640
6 0.172135 0.278493 0.073438 0.080882
5 0.651302 0.139246 0.184896 0.276654
6 0.851042 0.292279 0.080208 0.235294
6 0.463542 0.252757 0.065625 0.132353
5 0.081250 0.414522 0.157292 0.338235
5 0.271094 0.118566 0.538021 0.198529
5 0.920573 0.254596 0.158854 0.485294
3 0.314063 0.557904 0.050000 0.106618
3 0.271094 0.448070 0.042188 0.041360
3 0.477083 0.593750 0.045833 0.152574
3 0.407292 0.858915 0.065625 0.170037
3 0.399479 0.350184 0.031250 0.058824
9 0.377083 0.367647 0.030208 0.071691
4 0.402604 0.386029 0.016667 0.033088
3 0.684375 0.311121 0.034375 0.057904
3 0.540104 0.320772 0.033333 0.084559
7 0.653906 0.190257 0.095312 0.165441
3 0.729167 0.512868 0.034375 0.147059
9 0.765625 0.528033 0.031250 0.089154
4 0.684115 0.351562 0.018229 0.037684
3 0.767188 0.353860 0.039583 0.128676
9 0.797396 0.258272 0.033333 0.069853
3 0.656250 0.228401 0.028125 0.063419
1 0.058594 0.679228 0.092188 0.095588
1 0.039323 0.767923 0.067187 0.090993
1 0.147396 0.609375 0.095833 0.088235
1 0.139844 0.694853 0.092188 0.099265
1 0.131250 0.816176 0.105208 0.112132
1 0.348698 0.613971 0.080729 0.115809
1 0.203125 0.551471 0.059375 0.049632
0 0.238021 0.616728 0.104167 0.139706
2 0.278125 0.509191 0.044792 0.060662
0 0.436458 0.483915 0.110417 0.124081
0 0.656510 0.409926 0.082812 0.119485
1 0.758854 0.447151 0.077083 0.079963
2 0.544271 0.596967 0.120833 0.118566
1 0.863021 0.725643 0.212500 0.271140
1 0.755208 0.596507 0.072917 0.077206
8 0.730729 0.635570 0.043750 0.127757
1 0.971615 0.631434 0.056771 0.102941
1 0.145052 0.338235 0.023438 0.033088
1 0.445312 0.382353 0.062500 0.099265
2 0.417187 0.299173 0.020833 0.037684
1 0.364583 0.351562 0.043750 0.059743
1 0.313802 0.334099 0.056771 0.048713
0 0.242448 0.312040 0.035937 0.059743
1 0.263802 0.308364 0.018229 0.034007
2 0.278125 0.302849 0.018750 0.030331
1 0.305208 0.309283 0.020833 0.037684
2 0.694792 0.360754 0.029167 0.054228
2 0.750521 0.395680 0.027083 0.048713
1 0.740625 0.359835 0.066667 0.068934
1 0.776823 0.330882 0.065104 0.056985
1 0.811198 0.298713 0.050521 0.068015
1 0.888802 0.260570 0.019271 0.048713
1 0.926042 0.199449 0.037500 0.049632
