6 0.679688 0.719210 0.152083 0.359375
3 0.475260 0.596507 0.045312 0.176471
3 0.405990 0.851103 0.074479 0.167279
1 0.230990 0.690257 0.107813 0.110294
1 0.065104 0.861213 0.087500 0.102941
1 0.048958 0.700368 0.093750 0.073529
1 0.046354 0.752298 0.087500 0.081801
0 0.404948 0.530331 0.105729 0.128676
1 0.751563 0.473805 0.079167 0.113051
9 0.769271 0.538143 0.039583 0.109375
3 0.721094 0.507812 0.058854 0.157169
1 0.992708 0.584099 0.014583 0.048713
6 0.859375 0.283088 0.084375 0.218750
5 0.282813 0.134191 0.558333 0.218750
5 0.942969 0.302849 0.114062 0.552390
5 0.933073 0.093750 0.133854 0.185662
5 0.645573 0.134191 0.157812 0.259191
6 0.110156 0.503676 0.075521 0.224265
5 0.083333 0.458640 0.165625 0.408088
0 0.240104 0.595588 0.112500 0.086397
1 0.129948 0.609835 0.047396 0.061581
1 0.168750 0.627757 0.076042 0.069853
1 0.208594 0.555147 0.066146 0.062500
0 0.234375 0.595588 0.115625 0.097426
2 0.274219 0.510570 0.047396 0.048713
3 0.278125 0.449908 0.032292 0.052390
3 0.315365 0.550092 0.055729 0.118566
1 0.462760 0.437960 0.053646 0.083640
1 0.678646 0.417279 0.064583 0.090074
1 0.469010 0.337316 0.058854 0.066176
1 0.420573 0.377757 0.045312 0.058824
6 0.460938 0.249540 0.068750 0.135110
7 0.650000 0.183824 0.079167 0.165441
3 0.654948 0.233456 0.030729 0.049632
3 0.537240 0.318474 0.027604 0.083640
1 0.424219 0.377757 0.044271 0.051471
3 0.399740 0.347426 0.029687 0.036765
4 0.405208 0.392463 0.013542 0.031250
1 0.337500 0.329504 0.036458 0.043199
1 0.374219 0.341912 0.039062 0.044118
9 0.372135 0.365809 0.022396 0.064338
1 0.339323 0.313879 0.036979 0.032169
1 0.421094 0.357077 0.042188 0.039522
1 0.277083 0.316176 0.026042 0.027574
1 0.207813 0.312500 0.022917 0.025735
1 0.254948 0.326287 0.024479 0.040441
1 0.342448 0.313879 0.029687 0.032169
1 0.277865 0.317096 0.024479 0.036765
1 0.292708 0.301930 0.020833 0.024816
1 0.217448 0.291820 0.026562 0.026654
1 0.187240 0.295037 0.020313 0.029412
6 0.170833 0.283548 0.071875 0.059743
3 0.686719 0.310202 0.020313 0.037684
4 0.681250 0.352482 0.015625 0.026654
3 0.765365 0.351103 0.034896 0.128676
1 0.730469 0.354779 0.039062 0.058824
1 0.754687 0.377757 0.037500 0.051471
1 0.762760 0.322610 0.038021 0.045956
1 0.795573 0.342831 0.044271 0.055147
1 0.803125 0.303309 0.033333 0.042279
1 0.822135 0.310202 0.026562 0.052390
1 0.794531 0.344669 0.040104 0.044118
1 0.919531 0.207261 0.020313 0.035846
